$SPEC_ID:
No sample description was entered.
$SPEC_REM:
DET# 1
DETDESC# PRAK01 Easy-MCA-2k SN 15071856
AP# Maestro Version 7.01
$DATE_MEA:
01/08/2002 04:06:55
$MEAS_TIM:
59 60
$DATA:
0 511
       0
       0
       0
       0
       0
       0
       0
       0
       0
       0
       0
       0
       0
       0
       0
       0
       0
       0
       0
       0
       0
       0
       0
       0
       0
       0
       0
       0
       0
       0
       0
       1
      35
      33
      55
      69
      53
      45
      44
      54
      50
      48
      54
      46
      47
      41
      41
      53
      56
      57
      46
      62
      49
      56
      42
      49
      48
      40
      69
      38
      50
      46
      50
      52
      54
      59
      63
      62
      40
      57
      53
      55
      55
      61
      69
      58
      53
      53
      54
      58
      52
      51
      54
      53
      63
      51
      39
      54
      53
      41
      59
      49
      48
      61
      63
      57
      53
      47
      41
      42
      62
      45
      61
      45
      57
      43
      59
      58
      44
      47
      37
      47
      39
      41
      40
      46
      50
      45
      37
      55
      44
      35
      36
      41
      34
      53
      57
      41
      44
      47
      39
      50
      42
      44
      34
      41
      54
      39
      52
      53
      43
      54
      47
      37
      45
      47
      47
      44
      47
      34
      51
      45
      51
      46
      47
      38
      32
      49
      46
      52
      51
      55
      40
      45
      42
      44
      43
      36
      34
      40
      36
      49
      35
      38
      32
      32
      30
      26
      16
      28
      28
      25
      20
      19
      21
      21
      23
      14
      11
      16
      14
      16
      19
      27
      15
      15
      15
      11
      19
      12
      15
      16
      14
      15
      21
      18
      21
      21
      20
      15
      13
      14
      15
      27
      23
      15
      19
      22
      23
      25
      16
      26
      25
      24
      21
      34
      39
      45
      65
      78
      89
     116
     114
     138
     161
     166
     195
     219
     267
     275
     318
     341
     328
     356
     337
     354
     315
     289
     280
     234
     215
     183
     179
     150
     100
      92
      63
      64
      59
      25
      27
      22
      25
       8
       5
       5
       5
       2
       2
       1
       0
       0
       1
       2
       0
       3
       0
       1
       0
       1
       1
       1
       0
       1
       0
       1
       1
       2
       1
       0
       0
       0
       0
       0
       1
       1
       0
       0
       1
       0
       1
       1
       1
       0
       2
       0
       1
       0
       0
       1
       0
       1
       0
       1
       0
       0
       0
       0
       1
       0
       2
       0
       0
       0
       0
       1
       2
       0
       0
       1
       0
       1
       1
       2
       2
       1
       1
       0
       0
       3
       0
       1
       1
       1
       0
       2
       0
       0
       1
       0
       2
       2
       1
       1
       0
       0
       1
       1
       2
       1
       0
       0
       0
       1
       0
       1
       2
       1
       2
       1
       1
       2
       0
       0
       0
       0
       0
       0
       0
       0
       0
       2
       0
       0
       0
       0
       0
       1
       2
       0
       1
       0
       0
       2
       1
       1
       0
       0
       0
       0
       2
       0
       0
       0
       1
       1
       0
       0
       1
       1
       0
       0
       0
       0
       1
       0
       0
       0
       0
       0
       1
       0
       0
       2
       0
       0
       0
       2
       0
       0
       0
       0
       2
       0
       0
       1
       0
       0
       0
       0
       0
       0
       0
       0
       0
       0
       0
       1
       0
       0
       0
       1
       1
       0
       0
       0
       0
       0
       0
       0
       0
       0
       0
       0
       0
       0
       0
       0
       0
       0
       0
       0
       0
       0
       0
       0
       0
       0
       0
       0
       0
       0
       0
       0
       0
       0
       0
       0
       0
       0
       0
       0
       0
       0
       0
       0
       0
       0
       0
       0
       0
       0
       0
       0
       0
       0
       0
       0
       0
       0
       0
       0
$ROI:
1
214 261
$PRESETS:
Real Time
480
0
$ENER_FIT:
0.000000 3.991138
$MCA_CAL:
3
0.000000E+000 3.991138E+000 0.000000E+000 keV
$SHAPE_CAL:
3
1.151547E+001 0.000000E+000 0.000000E+000
