$SPEC_ID:
No sample description was entered.
$SPEC_REM:
DET# 1
DETDESC# PRAK01 Easy-MCA-2k SN 15071856
AP# Maestro Version 7.01
$DATE_MEA:
01/08/2002 04:08:35
$MEAS_TIM:
60 60
$DATA:
0 511
       0
       0
       0
       0
       0
       0
       0
       0
       0
       0
       0
       0
       0
       0
       0
       0
       0
       0
       0
       0
       0
       0
       0
       0
       0
       0
       0
       0
       0
       0
       0
       0
      40
      47
      53
      56
      53
      47
      54
      48
      48
      43
      53
      50
      46
      42
      60
      47
      56
      50
      58
      49
      66
      54
      43
      59
      59
      55
      52
      66
      57
      61
      55
      55
      68
      69
      59
      61
      66
      60
      52
      62
      59
      72
      67
      67
      64
      61
      69
      81
      61
      75
      60
      66
      77
      71
      75
      73
      73
      69
      63
      59
      69
      63
      53
      67
      61
      56
      65
      55
      61
      68
      63
      48
      68
      55
      63
      57
      58
      72
      58
      44
      58
      39
      53
      54
      58
      66
      49
      55
      48
      39
      49
      51
      56
      54
      57
      58
      64
      47
      48
      57
      52
      52
      43
      36
      69
      42
      61
      46
      50
      44
      54
      54
      61
      52
      49
      57
      47
      57
      57
      44
      47
      47
      65
      65
      48
      62
      51
      51
      48
      34
      43
      53
      65
      53
      46
      41
      44
      56
      52
      58
      38
      46
      34
      33
      37
      35
      36
      50
      31
      31
      25
      19
      24
      25
      25
      19
      26
      29
      20
      16
      28
      20
      17
      17
      13
      20
      22
      19
      23
      19
      20
      23
      22
      24
      19
      23
      20
      28
      13
      25
      25
      15
      23
      16
      19
      21
      20
      23
      22
      39
      29
      31
      44
      45
      52
      47
      56
      88
     101
     128
     137
     173
     196
     222
     259
     267
     284
     322
     386
     394
     364
     413
     419
     387
     385
     393
     332
     315
     247
     245
     214
     176
     152
     128
     101
      67
      50
      69
      36
      35
      14
      10
       9
       5
       2
       0
       2
       2
       0
       0
       0
       0
       1
       0
       0
       0
       0
       1
       0
       0
       2
       1
       0
       0
       1
       3
       0
       0
       0
       2
       2
       0
       0
       0
       0
       0
       0
       1
       0
       1
       0
       1
       0
       0
       1
       0
       0
       2
       0
       0
       0
       0
       1
       0
       0
       0
       0
       1
       1
       0
       0
       2
       1
       2
       0
       0
       1
       0
       4
       1
       0
       0
       0
       1
       0
       1
       1
       0
       0
       0
       0
       0
       0
       1
       2
       2
       1
       0
       0
       0
       2
       1
       0
       1
       0
       2
       0
       2
       1
       0
       1
       1
       0
       0
       0
       1
       0
       1
       0
       1
       0
       0
       0
       0
       0
       3
       0
       0
       1
       0
       0
       2
       0
       0
       0
       0
       0
       0
       0
       0
       1
       0
       0
       1
       1
       0
       0
       1
       0
       0
       0
       0
       2
       0
       0
       0
       0
       1
       0
       0
       0
       0
       3
       0
       0
       0
       0
       0
       0
       3
       0
       0
       0
       0
       0
       0
       0
       2
       0
       2
       0
       0
       0
       0
       0
       0
       1
       1
       1
       0
       2
       1
       0
       0
       0
       1
       0
       0
       0
       0
       0
       0
       0
       0
       0
       1
       1
       0
       2
       0
       1
       1
       0
       0
       0
       0
       0
       0
       0
       0
       0
       0
       0
       0
       0
       0
       0
       0
       0
       0
       0
       0
       0
       0
       0
       0
       0
       0
       0
       0
       0
       0
       0
       0
       0
       0
       0
       0
       0
       0
       0
       0
       0
       0
       0
       0
       0
       0
       0
       0
$ROI:
1
214 261
$PRESETS:
Real Time
480
0
$ENER_FIT:
0.000000 3.991138
$MCA_CAL:
3
0.000000E+000 3.991138E+000 0.000000E+000 keV
$SHAPE_CAL:
3
1.151547E+001 0.000000E+000 0.000000E+000
