$SPEC_ID:
No sample description was entered.
$SPEC_REM:
DET# 1
DETDESC# PRAK01 Easy-MCA-2k SN 15071856
AP# Maestro Version 7.01
$DATE_MEA:
01/08/2002 04:13:03
$MEAS_TIM:
60 60
$DATA:
0 511
       0
       0
       0
       0
       0
       0
       0
       0
       0
       0
       0
       0
       0
       0
       0
       0
       0
       0
       0
       0
       0
       0
       0
       0
       0
       0
       0
       0
       0
       0
       0
       0
      14
      16
      18
      19
      18
      16
      20
      18
       8
      20
      23
      18
      23
      20
      10
      33
      22
      24
      19
      15
      19
      27
      27
      25
      20
      21
      17
      19
      15
      28
      19
      19
      14
      20
      13
      20
      19
      27
      22
      23
      24
      21
      24
      14
      23
      23
      18
      17
      15
      24
      20
      19
      25
      32
      23
      31
      23
      13
      23
      21
      23
      16
      13
      12
       8
      15
      18
      17
      20
      19
      18
      21
      16
      16
      15
      12
      18
      22
      15
      16
      16
       8
       7
      18
      14
      18
      14
      19
      15
      14
       6
      13
      15
      12
      16
      10
      16
      12
      19
      20
      18
      13
      13
      14
      12
      15
      15
      14
      11
      12
       7
      19
      14
      13
      11
      14
       7
      13
      11
      16
      14
      12
      12
      18
       7
      10
      10
      12
      15
      19
      17
      21
      14
      10
      11
      15
      14
      14
      13
      13
      12
       8
      11
       8
       8
       6
       8
       8
       7
       3
       4
       5
      16
       9
       2
       6
       7
       5
       5
       8
       8
       7
       7
       4
      11
       5
       3
       6
       5
       6
       8
       6
       4
       6
       6
       9
       3
       8
      10
       4
       6
       5
       5
       6
       2
       5
       3
       8
       9
       7
       6
       7
       7
       7
      14
      18
      14
      22
      29
      26
      37
      28
      48
      32
      54
      64
      86
      72
      76
      76
      69
     116
      80
      84
      72
      80
      70
      97
      75
      53
      61
      51
      45
      45
      37
      21
      12
       5
      13
       9
       9
      11
       7
       5
       3
       3
       0
       2
       2
       6
       1
       0
       0
       2
       1
       0
       1
       0
       0
       0
       0
       1
       0
       0
       1
       0
       0
       0
       1
       0
       0
       0
       0
       0
       2
       1
       0
       0
       1
       0
       2
       1
       1
       0
       0
       1
       0
       1
       0
       2
       0
       1
       1
       0
       2
       2
       0
       1
       2
       1
       2
       0
       0
       1
       1
       0
       2
       1
       0
       2
       0
       2
       1
       1
       1
       0
       2
       0
       0
       1
       0
       0
       0
       0
       0
       0
       1
       2
       0
       0
       1
       1
       1
       3
       0
       0
       0
       0
       0
       0
       2
       0
       2
       0
       0
       3
       2
       1
       0
       0
       0
       0
       1
       1
       0
       0
       0
       0
       0
       0
       1
       1
       1
       0
       2
       0
       0
       0
       0
       2
       0
       0
       0
       0
       0
       1
       0
       0
       0
       0
       0
       1
       0
       0
       1
       0
       1
       0
       0
       2
       0
       0
       1
       0
       0
       0
       0
       0
       0
       0
       0
       0
       0
       0
       0
       0
       0
       0
       0
       0
       0
       0
       0
       1
       0
       0
       1
       0
       0
       0
       0
       1
       0
       0
       0
       0
       0
       0
       1
       0
       1
       0
       0
       0
       0
       0
       0
       0
       0
       0
       0
       0
       0
       0
       0
       0
       0
       0
       0
       0
       0
       0
       0
       0
       0
       0
       0
       0
       0
       0
       0
       0
       0
       0
       0
       0
       0
       0
       0
       0
       0
       0
       0
       0
       0
       0
       0
       0
       0
       0
       0
       0
       0
       0
       0
       0
       0
       0
       0
       0
$ROI:
1
214 261
$PRESETS:
Real Time
480
0
$ENER_FIT:
0.000000 3.991138
$MCA_CAL:
3
0.000000E+000 3.991138E+000 0.000000E+000 keV
$SHAPE_CAL:
3
1.151547E+001 0.000000E+000 0.000000E+000
