$SPEC_ID:
No sample description was entered.
$SPEC_REM:
DET# 1
DETDESC# PRAK01 Easy-MCA-2k SN 15071856
AP# Maestro Version 7.01
$DATE_MEA:
01/08/2002 03:52:21
$MEAS_TIM:
60 60
$DATA:
0 511
       0
       0
       0
       0
       0
       0
       0
       0
       0
       0
       0
       0
       0
       0
       0
       0
       0
       0
       0
       0
       0
       0
       0
       0
       0
       0
       0
       0
       0
       0
       0
       0
       9
      16
      19
      30
      29
      28
      32
      23
      28
      30
      30
      28
      20
      17
      26
      27
      25
      35
      33
      20
      31
      20
      23
      27
      18
      31
      34
      20
      16
      28
      27
      28
      24
      28
      30
      30
      29
      22
      23
      27
      28
      21
      30
      34
      26
      30
      22
      26
      25
      28
      25
      22
      25
      26
      28
      27
      19
      22
      28
      17
      18
      36
      25
      20
      29
      26
      15
      22
      22
      23
      17
      17
      23
      26
      23
      29
      23
      17
      26
      31
      13
      14
      20
      22
      19
      19
      17
      18
      15
      23
      25
      18
      21
      29
      22
      17
      14
      24
      25
      19
      20
      13
      27
      18
      19
      25
      20
      20
      20
      23
      15
      21
      27
      19
      20
      16
      21
      29
      18
      16
      24
      10
      21
      20
      20
      20
      21
      17
      21
      15
      15
      25
      18
      17
      19
      19
      19
      20
      11
      16
      20
      12
       6
      13
      11
      12
      14
      13
      12
      10
      11
      10
      11
      10
       9
      12
       6
      12
       5
       8
      12
      11
       7
       8
       6
       6
       8
       4
      10
       8
       7
       8
       6
       8
      11
      10
       8
       9
       5
       6
       6
      10
       7
      11
       8
       3
      10
       7
      18
      12
      10
      14
       9
      13
      13
      19
      23
      27
      33
      41
      53
      58
      67
      97
      86
      83
     109
     121
     133
     105
     146
     133
     143
     132
     138
     135
     118
     116
      92
     101
      92
      67
      65
      53
      47
      38
      33
      22
      16
      12
      12
       9
       5
       3
       7
       3
       1
       1
       0
       0
       0
       0
       1
       1
       1
       0
       1
       1
       2
       1
       0
       0
       1
       1
       2
       2
       0
       0
       0
       2
       2
       1
       2
       1
       2
       0
       0
       0
       0
       0
       1
       0
       2
       1
       1
       0
       0
       1
       1
       0
       1
       0
       0
       0
       2
       1
       1
       1
       2
       1
       0
       1
       1
       2
       1
       1
       3
       1
       2
       1
       0
       0
       0
       1
       1
       1
       1
       1
       0
       0
       0
       1
       1
       0
       2
       1
       0
       2
       1
       1
       1
       0
       0
       0
       0
       0
       0
       1
       0
       0
       0
       2
       2
       0
       0
       1
       1
       0
       0
       0
       0
       2
       0
       1
       0
       0
       1
       0
       0
       0
       0
       0
       1
       2
       1
       0
       1
       0
       1
       1
       0
       1
       0
       0
       0
       0
       2
       1
       0
       0
       1
       0
       1
       0
       0
       0
       0
       0
       0
       0
       0
       0
       0
       0
       1
       0
       0
       2
       0
       0
       0
       0
       0
       1
       1
       0
       1
       1
       0
       1
       0
       0
       1
       0
       2
       0
       1
       1
       1
       0
       0
       0
       0
       0
       0
       0
       0
       0
       0
       0
       0
       0
       0
       2
       1
       1
       0
       0
       0
       0
       0
       0
       0
       0
       0
       0
       0
       0
       0
       0
       0
       0
       0
       0
       0
       0
       0
       0
       0
       0
       0
       0
       0
       0
       0
       0
       0
       0
       0
       0
       0
       0
       0
       0
       0
       0
       0
       0
       0
       0
       0
       0
       0
       0
       0
       0
       0
       0
       0
       0
$ROI:
1
214 261
$PRESETS:
Real Time
480
0
$ENER_FIT:
0.000000 3.991138
$MCA_CAL:
3
0.000000E+000 3.991138E+000 0.000000E+000 keV
$SHAPE_CAL:
3
1.151547E+001 0.000000E+000 0.000000E+000
