$SPEC_ID:
No sample description was entered.
$SPEC_REM:
DET# 1
DETDESC# PRAK01 Easy-MCA-2k SN 15071856
AP# Maestro Version 7.01
$DATE_MEA:
01/08/2002 04:00:51
$MEAS_TIM:
60 60
$DATA:
0 511
       0
       0
       0
       0
       0
       0
       0
       0
       0
       0
       0
       0
       0
       0
       0
       0
       0
       0
       0
       0
       0
       0
       0
       0
       0
       0
       0
       0
       0
       0
       0
       1
       8
      20
      22
      19
      21
      19
      23
      20
      21
      20
      17
      20
      19
      21
      17
      28
      18
      22
      24
      17
      18
      20
      17
      20
      28
      20
      25
      19
      21
      16
      19
      24
      26
      20
      28
      23
      15
      18
      23
      17
      30
      25
      19
      25
      23
      21
      28
      27
      13
      11
      27
      24
      19
      21
      29
      21
      12
      28
      17
      16
      18
      21
      16
      22
      15
      15
      13
      16
       9
      19
      29
      18
      27
      26
      19
      16
      19
      15
      22
      13
      14
      18
      12
       8
      15
      15
      20
       8
      11
      13
      13
      12
      18
      16
      14
      15
      12
      11
      14
      11
      16
      12
      13
       9
      15
      15
      16
      16
      23
      14
      19
      17
      15
      15
      24
      12
       9
      15
      13
      12
      13
      13
      14
      10
      10
      18
      14
      15
      15
      18
      15
      16
      10
      12
      16
      12
      18
       8
      11
       7
      10
      10
      12
      19
       7
       9
       8
       8
       6
      10
       4
       7
       6
       8
       6
       9
       6
       0
       9
       4
       7
       6
       9
       5
      10
       5
       3
       9
       6
       4
       5
       7
       2
       7
       3
       8
       4
       8
       7
       4
       7
       8
       3
       7
       9
       6
       7
      12
       7
       7
       6
      11
      12
      13
       7
      11
      19
      20
      23
      26
      28
      38
      43
      46
      48
      69
      77
      87
      83
      92
     102
     100
     126
      95
     106
     103
      88
      79
      62
      60
      62
      50
      48
      32
      26
      17
      26
      14
      14
       6
       7
       5
       6
       1
       1
       0
       2
       0
       1
       0
       0
       1
       0
       0
       1
       0
       1
       1
       0
       0
       1
       2
       0
       0
       0
       1
       0
       0
       1
       0
       0
       1
       0
       1
       1
       1
       0
       0
       1
       0
       0
       0
       0
       0
       5
       1
       0
       0
       0
       2
       2
       1
       1
       0
       0
       0
       1
       1
       1
       0
       0
       0
       0
       0
       0
       0
       1
       0
       0
       1
       2
       0
       0
       1
       1
       2
       1
       1
       0
       0
       0
       0
       0
       2
       0
       2
       1
       1
       0
       2
       1
       0
       0
       0
       0
       0
       1
       0
       1
       2
       1
       0
       0
       1
       1
       0
       0
       1
       1
       0
       0
       1
       0
       0
       1
       0
       0
       1
       0
       0
       0
       0
       0
       0
       1
       0
       0
       0
       0
       0
       0
       0
       1
       0
       0
       0
       0
       1
       0
       0
       0
       0
       0
       0
       0
       0
       1
       0
       0
       0
       0
       0
       0
       0
       0
       0
       0
       0
       0
       0
       0
       0
       0
       0
       0
       0
       1
       0
       1
       0
       0
       1
       0
       1
       0
       0
       0
       3
       1
       0
       0
       2
       0
       0
       0
       0
       0
       0
       1
       0
       0
       0
       1
       1
       2
       0
       0
       0
       0
       0
       0
       0
       0
       0
       0
       0
       0
       0
       0
       0
       0
       0
       0
       0
       0
       0
       0
       0
       0
       0
       0
       0
       0
       0
       0
       0
       0
       0
       0
       0
       0
       0
       0
       0
       0
       0
       0
       0
       0
       0
       0
       0
       0
       0
       0
       0
       0
       0
       0
       0
$ROI:
1
214 261
$PRESETS:
Real Time
480
0
$ENER_FIT:
0.000000 3.991138
$MCA_CAL:
3
0.000000E+000 3.991138E+000 0.000000E+000 keV
$SHAPE_CAL:
3
1.151547E+001 0.000000E+000 0.000000E+000
