$SPEC_ID:
No sample description was entered.
$SPEC_REM:
DET# 1
DETDESC# PRAK01 Easy-MCA-2k SN 15071856
AP# Maestro Version 7.01
$DATE_MEA:
01/08/2002 04:11:08
$MEAS_TIM:
60 60
$DATA:
0 511
       0
       0
       0
       0
       0
       0
       0
       0
       0
       0
       0
       0
       0
       0
       0
       0
       0
       0
       0
       0
       0
       0
       0
       0
       0
       0
       0
       0
       0
       0
       0
       0
      13
      22
      25
      31
      25
      25
      18
      28
      33
      24
      27
      21
      20
      31
      29
      33
      26
      23
      27
      34
      21
      40
      26
      30
      24
      37
      24
      27
      39
      21
      26
      26
      32
      35
      31
      35
      30
      26
      35
      37
      31
      26
      31
      35
      33
      32
      36
      33
      36
      30
      31
      28
      20
      30
      24
      25
      26
      28
      31
      32
      25
      29
      23
      25
      23
      36
      31
      25
      26
      20
      18
      27
      23
      27
      22
      20
      23
      27
      30
      23
      28
      20
      25
      29
      16
      23
      25
      18
      28
      21
      27
      24
      25
      19
      16
      19
      23
      24
      28
      16
      19
      30
      20
      20
      25
      24
      19
      24
      24
      19
      27
      34
      34
      23
      17
      22
      15
      19
      23
      28
      20
      26
      21
      20
      27
      27
      27
      21
      16
      27
      22
      18
      21
      29
      19
      20
      21
      24
      13
      18
      19
      15
      18
      23
      12
       9
      18
      18
      14
       6
      18
      10
      13
       9
       9
      14
      12
       8
      10
       7
       5
      11
       5
       2
      10
       8
      10
      10
       5
       8
       5
       8
       7
      12
       4
       7
       8
       8
      16
       7
      10
       8
       9
      14
      11
      13
      11
      11
       8
      14
      13
      20
      17
      18
      16
      28
      27
      26
      43
      52
      64
      77
      85
      89
      84
     100
     134
     136
     140
     149
     155
     172
     151
     155
     130
     142
     138
     108
     109
     104
      98
      74
      64
      57
      35
      39
      28
      24
      15
      14
       8
       5
       7
       3
       2
       3
       3
       1
       3
       2
       2
       0
       0
       3
       0
       2
       1
       0
       1
       0
       1
       0
       0
       0
       2
       0
       1
       0
       1
       3
       1
       1
       0
       0
       1
       0
       1
       0
       0
       1
       0
       0
       0
       0
       0
       1
       0
       0
       1
       0
       0
       0
       0
       0
       1
       0
       0
       0
       0
       2
       1
       0
       1
       3
       0
       0
       1
       1
       0
       0
       1
       0
       3
       0
       1
       0
       0
       0
       2
       0
       1
       4
       3
       1
       0
       3
       0
       2
       0
       0
       1
       0
       0
       1
       0
       0
       0
       0
       0
       0
       1
       0
       0
       2
       0
       1
       0
       0
       0
       0
       0
       0
       1
       1
       0
       1
       0
       0
       0
       0
       0
       0
       0
       1
       1
       0
       0
       1
       0
       2
       2
       2
       0
       0
       0
       0
       1
       1
       0
       0
       0
       0
       0
       0
       0
       0
       1
       0
       0
       0
       1
       0
       0
       2
       1
       1
       0
       1
       1
       1
       0
       0
       0
       1
       0
       0
       0
       0
       0
       2
       0
       0
       0
       1
       0
       1
       1
       0
       0
       1
       0
       0
       0
       0
       0
       1
       0
       0
       0
       0
       1
       0
       0
       1
       0
       0
       0
       0
       0
       0
       0
       0
       0
       0
       0
       0
       0
       0
       0
       0
       0
       0
       0
       0
       0
       0
       0
       0
       0
       0
       0
       0
       0
       0
       0
       0
       0
       0
       0
       0
       0
       0
       0
       0
       0
       0
       0
       0
       0
       0
       0
       0
       0
       0
       0
       0
       0
       0
       0
       0
$ROI:
1
214 261
$PRESETS:
Real Time
480
0
$ENER_FIT:
0.000000 3.991138
$MCA_CAL:
3
0.000000E+000 3.991138E+000 0.000000E+000 keV
$SHAPE_CAL:
3
1.151547E+001 0.000000E+000 0.000000E+000
