$SPEC_ID:
No sample description was entered.
$SPEC_REM:
DET# 1
DETDESC# PRAK01 Easy-MCA-2k SN 15071856
AP# Maestro Version 7.01
$DATE_MEA:
01/08/2002 04:03:19
$MEAS_TIM:
63 63
$DATA:
0 511
       0
       0
       0
       0
       0
       0
       0
       0
       0
       0
       0
       0
       0
       0
       0
       0
       0
       0
       0
       0
       0
       0
       0
       0
       0
       0
       0
       0
       0
       0
       0
       2
      16
      16
      22
      19
      30
      17
      28
      23
      26
      27
      28
      22
      19
      30
      22
      18
      18
      27
      25
      16
      25
      27
      33
      28
      27
      32
      26
      19
      17
      20
      18
      26
      26
      29
      30
      29
      22
      31
      25
      30
      29
      35
      28
      24
      24
      32
      19
      32
      24
      22
      28
      19
      24
      22
      19
      24
      17
      21
      23
      15
      16
      23
      17
      21
      20
      16
      15
      25
      15
      28
      17
      16
      28
      18
      10
      15
      19
      15
      11
      15
      16
      25
      22
      19
      20
      22
      15
      13
      16
      20
      18
      18
      14
      16
      22
      14
      17
      16
      19
      12
      17
      18
      13
      28
       6
      25
      20
      14
      14
      16
      21
      21
      21
      19
      11
      21
      17
      15
      17
      17
      21
      20
      24
      18
      11
      21
      10
      19
      17
      19
      12
      17
      15
      20
      17
      16
      12
      16
      17
      13
      11
       8
      12
      13
       6
      14
       8
      13
      10
      11
       5
       6
       7
      14
       7
       8
       5
       7
       7
       9
       5
      10
       7
       9
       6
       5
       5
       8
       8
       6
      12
       5
       4
       8
       8
       6
       7
       6
       5
       7
       4
       7
      11
       5
       8
       9
       8
      14
       7
       8
      11
       7
      12
      15
      11
      13
      23
      18
      33
      29
      39
      50
      57
      67
      82
      87
      93
      94
     107
     103
     111
     111
     112
     139
      98
     105
      93
      93
      99
      55
      66
      52
      45
      42
      34
      28
      19
      12
       8
      10
       4
       6
       3
       2
       2
       2
       0
       0
       1
       1
       0
       0
       0
       0
       1
       1
       1
       0
       0
       1
       0
       0
       0
       0
       0
       0
       2
       1
       1
       0
       0
       0
       1
       0
       0
       1
       1
       1
       2
       2
       0
       1
       0
       0
       0
       0
       0
       0
       1
       1
       1
       2
       1
       0
       0
       0
       1
       0
       1
       2
       1
       2
       1
       2
       0
       0
       0
       1
       0
       1
       1
       0
       1
       1
       0
       0
       1
       1
       2
       0
       1
       0
       0
       1
       0
       0
       1
       1
       2
       0
       1
       1
       1
       0
       0
       0
       2
       0
       0
       0
       0
       0
       0
       2
       1
       0
       0
       1
       0
       1
       0
       2
       2
       1
       0
       1
       0
       1
       1
       0
       0
       0
       1
       1
       2
       0
       0
       0
       0
       1
       2
       0
       0
       0
       0
       1
       1
       0
       1
       0
       1
       1
       0
       0
       0
       3
       0
       1
       0
       0
       0
       4
       0
       0
       0
       1
       0
       0
       0
       1
       1
       0
       0
       0
       1
       0
       0
       0
       0
       1
       2
       0
       0
       0
       0
       0
       1
       0
       0
       1
       1
       0
       1
       1
       0
       0
       0
       0
       0
       1
       0
       0
       0
       0
       1
       1
       1
       0
       1
       0
       0
       0
       0
       0
       0
       0
       0
       0
       0
       0
       0
       0
       0
       0
       0
       0
       0
       0
       0
       0
       0
       0
       0
       0
       0
       0
       0
       0
       0
       0
       0
       0
       0
       0
       0
       0
       0
       0
       0
       0
       0
       0
       0
       0
       0
       0
       0
       0
       0
       0
$ROI:
1
214 261
$PRESETS:
Real Time
480
0
$ENER_FIT:
0.000000 3.991138
$MCA_CAL:
3
0.000000E+000 3.991138E+000 0.000000E+000 keV
$SHAPE_CAL:
3
1.151547E+001 0.000000E+000 0.000000E+000
