$SPEC_ID:
No sample description was entered.
$SPEC_REM:
DET# 1
DETDESC# PRAK01 Easy-MCA-2k SN 15071856
AP# Maestro Version 7.01
$DATE_MEA:
01/08/2002 03:52:55
$MEAS_TIM:
60 60
$DATA:
0 511
       0
       0
       0
       0
       0
       0
       0
       0
       0
       0
       0
       0
       0
       0
       0
       0
       0
       0
       0
       0
       0
       0
       0
       0
       0
       0
       0
       0
       0
       0
       0
       2
      32
      44
      49
      43
      65
      38
      55
      51
      49
      39
      45
      52
      64
      53
      48
      66
      58
      50
      45
      55
      51
      51
      52
      53
      51
      55
      45
      56
      52
      52
      53
      59
      54
      60
      52
      66
      66
      56
      64
      55
      62
      67
      56
      57
      66
      59
      67
      56
      69
      71
      61
      60
      70
      62
      63
      53
      51
      64
      60
      71
      46
      54
      74
      60
      44
      61
      61
      65
      47
      43
      50
      55
      53
      51
      63
      48
      56
      41
      45
      37
      47
      49
      51
      40
      46
      58
      50
      60
      46
      57
      50
      41
      47
      45
      53
      47
      62
      55
      38
      63
      62
      44
      40
      55
      43
      51
      48
      59
      40
      44
      48
      38
      52
      55
      49
      44
      49
      35
      50
      55
      57
      51
      58
      51
      51
      54
      54
      50
      41
      49
      49
      45
      51
      49
      46
      56
      44
      47
      51
      31
      33
      48
      34
      49
      49
      28
      24
      26
      31
      42
      22
      27
      31
      24
      20
      20
      17
      26
      26
      24
      17
      16
      17
      21
      16
      23
      15
      21
      26
      21
      15
      17
      18
      15
      16
      21
      18
      21
      17
      22
      19
      26
      22
      14
      24
      19
      20
      21
      28
      17
      30
      29
      26
      31
      41
      40
      61
      60
      95
     105
     122
     146
     156
     178
     194
     246
     268
     279
     308
     314
     339
     369
     367
     338
     329
     365
     358
     305
     247
     237
     205
     193
     151
     126
     101
      97
      64
      53
      48
      36
      18
      15
      15
       8
       7
       3
       4
       1
       0
       1
       1
       0
       1
       0
       2
       0
       2
       0
       3
       2
       1
       0
       0
       1
       0
       0
       0
       0
       0
       0
       0
       0
       1
       0
       1
       2
       1
       1
       1
       1
       0
       0
       0
       0
       3
       0
       0
       0
       0
       0
       1
       0
       0
       1
       1
       0
       1
       0
       0
       4
       0
       1
       2
       0
       0
       0
       1
       1
       0
       0
       1
       0
       1
       1
       1
       0
       1
       2
       0
       2
       1
       0
       0
       1
       0
       0
       0
       1
       0
       0
       0
       1
       1
       0
       0
       0
       0
       0
       1
       1
       1
       0
       0
       1
       0
       0
       1
       1
       0
       0
       1
       0
       0
       0
       1
       0
       1
       0
       1
       0
       2
       1
       0
       0
       0
       1
       1
       0
       0
       0
       1
       0
       1
       0
       0
       1
       0
       0
       1
       2
       1
       0
       2
       0
       1
       0
       1
       1
       1
       0
       0
       0
       0
       0
       0
       0
       0
       0
       0
       1
       1
       0
       0
       0
       0
       1
       2
       1
       0
       1
       0
       0
       0
       0
       0
       0
       0
       0
       0
       1
       0
       0
       0
       0
       1
       0
       0
       0
       1
       0
       0
       0
       1
       0
       0
       0
       1
       0
       0
       0
       0
       0
       0
       0
       0
       0
       0
       0
       0
       0
       0
       0
       0
       0
       0
       0
       0
       0
       0
       0
       0
       0
       0
       0
       0
       0
       0
       0
       0
       0
       0
       0
       0
       0
       0
       0
       0
       0
       0
       0
       0
       0
       0
       0
       0
       0
       0
       0
       0
       0
$ROI:
1
214 261
$PRESETS:
Real Time
480
0
$ENER_FIT:
0.000000 3.991138
$MCA_CAL:
3
0.000000E+000 3.991138E+000 0.000000E+000 keV
$SHAPE_CAL:
3
1.151547E+001 0.000000E+000 0.000000E+000
