$SPEC_ID:
No sample description was entered.
$SPEC_REM:
DET# 1
DETDESC# PRAK01 Easy-MCA-2k SN 15071856
AP# Maestro Version 7.01
$DATE_MEA:
01/08/2002 03:54:41
$MEAS_TIM:
60 60
$DATA:
0 511
       0
       0
       0
       0
       0
       0
       0
       0
       0
       0
       0
       0
       0
       0
       0
       0
       0
       0
       0
       0
       0
       0
       0
       0
       0
       0
       0
       0
       0
       0
       0
       1
      31
      44
      44
      49
      57
      56
      50
      43
      54
      49
      48
      38
      42
      56
      55
      52
      58
      54
      53
      38
      55
      48
      52
      56
      64
      65
      51
      52
      41
      49
      47
      64
      45
      56
      67
      53
      67
      70
      51
      64
      68
      49
      57
      65
      68
      68
      59
      54
      62
      70
      65
      52
      48
      56
      56
      60
      60
      55
      56
      53
      58
      63
      64
      46
      52
      59
      37
      53
      54
      53
      47
      45
      50
      62
      48
      42
      46
      44
      60
      55
      51
      56
      60
      47
      41
      53
      55
      51
      59
      52
      43
      59
      44
      38
      46
      37
      51
      42
      53
      45
      53
      51
      54
      48
      49
      55
      37
      44
      44
      56
      41
      52
      46
      70
      48
      36
      48
      41
      42
      62
      45
      34
      63
      47
      52
      42
      42
      47
      59
      60
      44
      53
      38
      50
      38
      52
      37
      56
      36
      38
      41
      41
      38
      37
      35
      27
      42
      33
      24
      27
      20
      26
      36
      26
      20
      19
      24
      22
      30
      25
      11
      10
      15
      24
      16
      25
      20
      11
      18
      16
      13
      13
      15
      26
      15
      21
      14
      16
      19
      14
      15
      20
      15
      20
      18
      13
      17
      18
      27
      23
      22
      29
      25
      40
      33
      43
      51
      57
      77
      91
     104
     127
     149
     161
     180
     229
     257
     269
     312
     331
     313
     347
     350
     332
     352
     300
     345
     277
     275
     241
     220
     181
     175
     136
     107
     102
      75
      61
      51
      34
      27
      29
      23
       9
       4
       4
       6
       3
       0
       1
       1
       2
       1
       0
       1
       0
       0
       0
       0
       1
       0
       1
       1
       1
       0
       3
       0
       0
       0
       0
       0
       0
       0
       2
       0
       0
       0
       1
       1
       0
       0
       1
       0
       0
       0
       1
       0
       0
       0
       1
       2
       1
       3
       0
       1
       1
       0
       0
       1
       1
       0
       0
       0
       0
       0
       0
       0
       0
       3
       2
       0
       0
       1
       2
       1
       0
       0
       0
       0
       0
       0
       1
       0
       2
       0
       3
       4
       0
       0
       0
       1
       1
       0
       0
       1
       0
       0
       0
       0
       0
       1
       1
       0
       0
       1
       1
       0
       2
       0
       0
       0
       1
       0
       2
       0
       0
       0
       1
       1
       0
       0
       0
       1
       1
       2
       0
       0
       0
       0
       0
       0
       1
       0
       0
       0
       1
       1
       1
       0
       1
       0
       0
       0
       0
       0
       1
       1
       1
       0
       1
       1
       0
       2
       0
       0
       1
       1
       0
       0
       0
       0
       0
       0
       1
       0
       0
       1
       0
       0
       0
       0
       0
       0
       0
       0
       0
       0
       0
       1
       0
       0
       0
       0
       0
       0
       1
       0
       0
       1
       0
       0
       0
       0
       0
       0
       2
       0
       0
       0
       0
       0
       0
       0
       0
       0
       0
       0
       0
       0
       0
       0
       0
       0
       0
       0
       0
       0
       0
       0
       0
       0
       0
       0
       0
       0
       0
       0
       0
       0
       0
       0
       0
       0
       0
       0
       0
       0
       0
       0
       0
       0
       0
       0
       0
       0
       0
       0
       0
       0
       0
$ROI:
1
214 261
$PRESETS:
Real Time
480
0
$ENER_FIT:
0.000000 3.991138
$MCA_CAL:
3
0.000000E+000 3.991138E+000 0.000000E+000 keV
$SHAPE_CAL:
3
1.151547E+001 0.000000E+000 0.000000E+000
