$SPEC_ID:
No sample description was entered.
$SPEC_REM:
DET# 1
DETDESC# PRAK01 Easy-MCA-2k SN 15071856
AP# Maestro Version 7.01
$DATE_MEA:
01/08/2002 03:32:28
$MEAS_TIM:
60 60
$DATA:
0 511
       0
       0
       0
       0
       0
       0
       0
       0
       0
       0
       0
       0
       0
       0
       0
       0
       0
       0
       0
       0
       0
       0
       0
       0
       0
       0
       0
       0
       0
       0
       0
       3
      29
      43
      48
      57
      37
      50
      42
      32
      45
      52
      42
      43
      57
      50
      53
      46
      42
      51
      40
      45
      45
      59
      55
      49
      55
      55
      55
      51
      47
      47
      60
      54
      59
      42
      50
      43
      50
      58
      61
      60
      56
      46
      61
      59
      57
      61
      59
      52
      64
      46
      60
      41
      76
      55
      58
      65
      39
      48
      79
      42
      52
      51
      36
      51
      46
      51
      49
      49
      49
      43
      49
      31
      46
      41
      61
      41
      54
      47
      47
      41
      48
      47
      41
      52
      40
      52
      53
      40
      52
      33
      51
      44
      41
      39
      57
      39
      43
      40
      42
      49
      40
      39
      43
      44
      40
      46
      38
      42
      36
      45
      48
      52
      53
      30
      40
      47
      43
      42
      46
      54
      42
      43
      54
      49
      34
      44
      45
      36
      33
      50
      40
      34
      49
      51
      52
      43
      40
      33
      34
      39
      32
      27
      35
      40
      23
      31
      28
      25
      29
      17
      26
      24
      27
      26
      25
      22
      23
      21
      19
      24
       7
      15
      16
      11
      14
      21
      20
      14
       9
      16
      18
      21
      18
      20
      28
      18
      18
      15
      21
      10
      15
      20
      15
      18
      12
      21
      25
      26
      14
      22
      29
      24
      33
      47
      47
      46
      51
      80
      88
     107
     137
     153
     158
     177
     222
     255
     250
     269
     291
     308
     283
     326
     300
     306
     292
     284
     250
     239
     235
     201
     158
     121
     105
      86
      70
      49
      53
      29
      20
      20
      11
      16
       8
       3
       4
       1
       0
       1
       1
       0
       0
       3
       2
       0
       3
       1
       0
       0
       0
       0
       3
       2
       1
       1
       0
       2
       1
       1
       2
       0
       1
       1
       1
       0
       0
       0
       0
       1
       0
       1
       0
       0
       0
       0
       2
       1
       1
       1
       1
       0
       1
       0
       0
       2
       0
       1
       0
       0
       0
       0
       1
       0
       1
       0
       0
       0
       0
       0
       1
       1
       1
       0
       0
       0
       2
       0
       3
       0
       0
       1
       0
       0
       1
       1
       0
       0
       0
       0
       0
       0
       0
       2
       0
       1
       0
       1
       0
       0
       0
       0
       0
       0
       0
       1
       0
       1
       0
       0
       0
       2
       0
       0
       2
       1
       1
       1
       1
       1
       1
       0
       0
       0
       1
       0
       2
       0
       1
       2
       0
       0
       0
       0
       1
       0
       1
       0
       0
       0
       0
       0
       0
       1
       1
       1
       0
       2
       0
       0
       1
       0
       0
       3
       1
       1
       0
       2
       0
       0
       0
       0
       1
       0
       1
       0
       1
       0
       0
       1
       0
       0
       1
       0
       0
       1
       0
       0
       0
       0
       0
       1
       0
       0
       0
       0
       1
       1
       0
       0
       1
       1
       0
       0
       0
       0
       0
       2
       0
       0
       0
       0
       0
       0
       0
       0
       0
       0
       0
       0
       0
       0
       0
       0
       0
       0
       0
       0
       0
       0
       0
       0
       0
       0
       0
       0
       0
       0
       0
       0
       0
       0
       0
       0
       0
       0
       0
       0
       0
       0
       0
       0
       0
       0
       0
       0
       0
       0
       0
       0
       0
       0
$ROI:
1
214 261
$PRESETS:
Real Time
480
0
$ENER_FIT:
0.000000 3.991138
$MCA_CAL:
3
0.000000E+000 3.991138E+000 0.000000E+000 keV
$SHAPE_CAL:
3
1.151547E+001 0.000000E+000 0.000000E+000
