$SPEC_ID:
No sample description was entered.
$SPEC_REM:
DET# 1
DETDESC# PRAK01 Easy-MCA-2k SN 15071856
AP# Maestro Version 7.01
$DATE_MEA:
01/08/2002 03:47:04
$MEAS_TIM:
60 60
$DATA:
0 511
       0
       0
       0
       0
       0
       0
       0
       0
       0
       0
       0
       0
       0
       0
       0
       0
       0
       0
       0
       0
       0
       0
       0
       0
       0
       0
       0
       0
       0
       0
       0
       5
      67
      80
      77
      81
      78
      72
      83
      78
      79
      89
      94
      93
      86
      81
     112
     106
      92
      90
      99
      90
     102
      88
     117
      80
      92
     102
      98
     103
     103
     105
     101
     100
     103
      99
     108
     112
      81
     112
     114
     106
     123
     113
     126
     127
     139
     127
     105
     118
     116
     125
     115
     130
     113
     126
     122
     108
     103
      93
     109
     100
     107
      96
     124
      93
     114
     104
     104
     106
     114
      96
     101
      82
      77
     100
      98
      95
      95
      98
      87
      81
      95
      89
      81
      81
      89
      93
     103
      92
      95
      80
     106
      80
     100
      99
      91
      86
      98
      87
     105
     104
      97
     104
      93
      81
      91
     106
     102
      98
      99
      91
     114
      83
      90
      88
      96
      87
      90
      94
      95
      96
      79
      94
      89
      92
     104
     102
     105
      83
      91
     103
      97
      89
      93
      95
     104
      92
     107
      94
      81
      87
      92
      79
      72
      59
      70
      49
      66
      64
      48
      44
      50
      54
      40
      55
      48
      41
      33
      43
      31
      46
      39
      32
      38
      36
      36
      41
      42
      26
      27
      35
      38
      41
      28
      35
      37
      35
      39
      34
      34
      25
      42
      32
      47
      45
      42
      44
      49
      36
      33
      53
      45
      54
      65
      68
      83
      96
     110
     134
     173
     182
     198
     265
     358
     384
     431
     500
     480
     580
     615
     637
     661
     671
     713
     686
     640
     657
     572
     564
     479
     430
     369
     321
     260
     217
     176
     152
     122
      94
      55
      45
      26
      21
      12
      14
       6
       6
       5
       2
       1
       0
       1
       0
       2
       1
       1
       0
       0
       0
       1
       1
       1
       0
       0
       1
       1
       0
       1
       1
       0
       1
       0
       0
       0
       0
       0
       2
       0
       1
       0
       0
       2
       0
       1
       0
       2
       0
       0
       1
       1
       0
       1
       1
       1
       1
       1
       1
       0
       1
       1
       1
       1
       1
       1
       0
       0
       0
       0
       0
       1
       0
       2
       0
       0
       1
       0
       1
       0
       1
       0
       1
       1
       1
       1
       1
       2
       0
       0
       1
       1
       2
       0
       0
       1
       0
       0
       0
       1
       1
       0
       0
       1
       0
       0
       0
       0
       0
       0
       0
       1
       0
       2
       1
       0
       1
       1
       0
       1
       1
       0
       0
       0
       0
       0
       1
       0
       0
       0
       0
       0
       0
       1
       1
       1
       0
       1
       1
       0
       0
       0
       1
       1
       0
       0
       0
       1
       1
       0
       0
       0
       0
       0
       1
       1
       0
       0
       0
       0
       0
       0
       0
       1
       0
       0
       1
       1
       3
       0
       0
       0
       1
       0
       0
       0
       1
       1
       0
       1
       0
       1
       0
       0
       1
       1
       0
       0
       1
       1
       0
       0
       1
       0
       0
       0
       0
       0
       0
       1
       0
       0
       1
       0
       0
       0
       0
       0
       0
       0
       0
       0
       0
       0
       0
       0
       0
       0
       0
       0
       0
       0
       0
       0
       0
       0
       0
       0
       0
       0
       0
       0
       0
       0
       0
       0
       0
       0
       0
       0
       0
       0
       0
       0
       0
       0
       0
       0
       0
       0
       0
       0
       0
$ROI:
1
214 261
$PRESETS:
Real Time
480
0
$ENER_FIT:
0.000000 3.991138
$MCA_CAL:
3
0.000000E+000 3.991138E+000 0.000000E+000 keV
$SHAPE_CAL:
3
1.151547E+001 0.000000E+000 0.000000E+000
