$SPEC_ID:
No sample description was entered.
$SPEC_REM:
DET# 1
DETDESC# PRAK01 Easy-MCA-2k SN 15071856
AP# Maestro Version 7.01
$DATE_MEA:
01/08/2002 03:08:09
$MEAS_TIM:
300 300
$DATA:
0 511
       0
       0
       0
       0
       0
       0
       0
       0
       0
       0
       0
       0
       0
       0
       0
       0
       0
       0
       0
       0
       0
       0
       0
       0
       0
       0
       0
       0
       0
       0
       0
       2
      31
      43
      55
      57
      58
      70
      42
      49
      60
      59
      55
      49
      52
      52
      64
      72
      77
      59
      59
      73
      67
      47
      57
      54
      69
      56
      73
      57
      63
      61
      66
      58
      57
      61
      52
      61
      55
      61
      55
      71
      63
      65
      73
      54
      45
      51
      64
      57
      53
      50
      64
      46
      43
      31
      59
      56
      45
      50
      56
      51
      57
      50
      46
      43
      40
      37
      37
      34
      46
      32
      44
      40
      44
      29
      35
      29
      23
      27
      26
      29
      26
      34
      27
      33
      25
      33
      32
      21
      44
      22
      31
      30
      22
      27
      20
      22
      26
      32
      30
      23
      22
      22
      28
      18
      21
      31
      23
      26
      22
      26
      18
      13
      23
      22
      25
      24
      21
      20
      34
      20
      17
      19
      21
      19
      24
      22
      21
      16
      28
      23
      22
      15
      21
      17
      15
      14
      24
      16
      18
       9
      16
      17
      17
      17
      15
      10
      13
      10
      18
      17
      11
      10
       9
      13
       8
      12
       7
      14
      14
      12
      21
      16
       8
       9
      16
      13
       5
      12
      12
      12
      11
       4
       5
       9
       8
       9
       8
       9
      10
      13
       8
      12
       7
      11
       8
      13
      13
      13
       8
      14
      14
      12
      12
      16
      13
      19
      20
      24
      32
      27
      30
      48
      47
      61
      59
      66
      74
      82
      72
      87
      84
      67
      63
      62
      79
      51
      60
      58
      39
      47
      46
      27
      25
      20
      18
      19
      14
      16
      12
       7
       4
       4
       4
       6
       5
       5
       3
       3
       1
       1
       2
       5
       5
       5
       1
       0
       1
       2
       3
       3
       6
       5
       3
       4
       3
       4
       3
       4
       4
       3
       1
       6
       4
       1
       5
       0
       7
       7
       6
       2
       3
       2
       2
       3
       3
       3
       3
       1
       4
       5
       2
       3
       6
       6
       1
       3
       2
       3
       1
       4
       4
       6
       6
       2
       4
       1
       3
       3
       0
       3
       1
       2
       1
       6
       3
       6
       1
       1
       1
       4
       2
       4
       4
       3
       3
       1
       4
       8
       8
       3
       2
       2
       4
       4
       5
       3
       4
       1
       3
       3
       0
       3
       2
       3
       1
       1
       3
       1
       1
       0
       2
       1
       2
       4
       4
       1
       1
       2
       1
       4
       4
       2
       4
       1
       0
       2
       2
       2
       1
       1
       3
       3
       3
       4
       1
       2
       5
       4
       2
       4
       3
       2
       0
       1
       1
       0
       5
       3
       2
       1
       1
       1
       0
       2
       2
       0
       2
       7
       1
       1
       0
       0
       4
       2
       0
       2
       1
       1
       1
       0
       1
       2
       3
       1
       2
       1
       5
       0
       3
       0
       1
       1
       1
       1
       2
       0
       2
       0
       0
       2
       3
       1
       2
       1
       1
       0
       3
       1
       2
       1
       0
       2
       1
       0
       0
       0
       0
       0
       0
       0
       0
       0
       0
       0
       0
       0
       0
       0
       0
       0
       0
       0
       0
       0
       0
       0
       0
       0
       0
       0
       0
       0
       0
       0
       0
       0
       0
       0
       0
       0
       0
       0
       0
       0
       0
       0
       0
       0
       0
       0
$ROI:
1
214 261
$PRESETS:
Real Time
480
0
$ENER_FIT:
0.000000 3.991138
$MCA_CAL:
3
0.000000E+000 3.991138E+000 0.000000E+000 keV
$SHAPE_CAL:
3
1.151547E+001 0.000000E+000 0.000000E+000
