$SPEC_ID:
No sample description was entered.
$SPEC_REM:
DET# 1
DETDESC# PRAK01 Easy-MCA-2k SN 15071856
AP# Maestro Version 7.01
$DATE_MEA:
01/08/2002 03:27:17
$MEAS_TIM:
59 60
$DATA:
0 511
       0
       0
       0
       0
       0
       0
       0
       0
       0
       0
       0
       0
       0
       0
       0
       0
       0
       0
       0
       0
       0
       0
       0
       0
       0
       0
       0
       0
       0
       0
       0
       4
      54
      82
      83
      90
      84
      82
      80
     100
      85
      80
      74
      77
     102
      96
      79
      82
      87
      81
     107
     100
      96
     101
      90
      93
      96
      93
      99
      94
      93
      96
      93
     111
      90
     106
      97
     109
     109
     107
      96
     126
     118
     113
     115
     115
     105
     119
     124
     116
     115
     117
     107
     126
     123
     101
     111
     103
     131
     106
     128
     120
     112
      94
     115
      93
      83
      99
     102
     105
     106
      84
      96
     117
      94
     104
     102
      88
      92
      88
      92
      96
      96
      95
     108
     102
      77
      93
      84
      98
      97
      99
      99
      83
      85
      94
      81
      89
      83
      90
      86
      83
     105
     100
     106
      79
      91
      82
      88
      84
      91
      91
      87
     106
      88
      84
     100
      90
      87
      79
      75
      93
      71
      99
      82
      78
      94
     100
      95
      93
     102
      96
      98
      89
      88
      82
      97
      90
      87
      79
      94
      92
      75
      89
      72
      67
      66
      61
      55
      61
      48
      41
      41
      42
      46
      50
      41
      43
      46
      39
      36
      27
      41
      31
      33
      31
      37
      38
      19
      40
      45
      30
      36
      36
      29
      29
      38
      38
      35
      29
      36
      46
      27
      33
      38
      36
      35
      37
      40
      47
      40
      52
      35
      50
      72
      74
      73
      93
     147
     148
     165
     203
     264
     273
     373
     408
     457
     475
     495
     609
     592
     658
     618
     696
     652
     701
     643
     580
     523
     493
     480
     401
     361
     280
     232
     187
     155
     137
     100
      75
      45
      40
      28
      19
      10
      12
      11
       4
       2
       2
       0
       0
       2
       0
       1
       1
       0
       0
       2
       1
       0
       1
       0
       2
       2
       2
       1
       1
       1
       0
       1
       1
       0
       0
       2
       1
       1
       1
       0
       1
       1
       2
       1
       0
       1
       0
       0
       0
       1
       0
       0
       0
       1
       0
       3
       0
       2
       0
       0
       0
       2
       2
       0
       0
       0
       0
       0
       0
       0
       0
       0
       0
       0
       0
       0
       1
       1
       0
       2
       1
       0
       0
       2
       0
       0
       1
       1
       2
       0
       0
       0
       3
       1
       0
       1
       0
       2
       0
       0
       2
       0
       0
       0
       2
       0
       1
       1
       0
       0
       1
       0
       2
       0
       0
       1
       1
       0
       0
       1
       0
       1
       1
       0
       0
       0
       0
       1
       2
       0
       1
       1
       2
       0
       0
       0
       0
       0
       0
       0
       0
       1
       0
       0
       2
       1
       0
       0
       0
       0
       0
       0
       2
       0
       1
       1
       0
       0
       0
       0
       1
       1
       0
       0
       0
       2
       2
       0
       0
       0
       0
       0
       0
       0
       0
       1
       0
       0
       1
       0
       1
       1
       1
       2
       0
       1
       0
       1
       0
       0
       0
       0
       0
       0
       0
       0
       0
       0
       0
       0
       0
       0
       0
       0
       0
       0
       0
       0
       0
       0
       0
       0
       0
       0
       0
       0
       0
       0
       0
       0
       0
       0
       0
       0
       0
       0
       0
       0
       0
       0
       0
       0
       0
       0
       0
       0
       0
       0
       0
       0
       0
       0
       0
       0
       0
       0
       0
       0
       0
       0
       0
       0
       0
$ROI:
1
214 261
$PRESETS:
Real Time
480
0
$ENER_FIT:
0.000000 3.991138
$MCA_CAL:
3
0.000000E+000 3.991138E+000 0.000000E+000 keV
$SHAPE_CAL:
3
1.151547E+001 0.000000E+000 0.000000E+000
