$SPEC_ID:
No sample description was entered.
$SPEC_REM:
DET# 1
DETDESC# PRAK01 Easy-MCA-2k SN 15071856
AP# Maestro Version 7.01
$DATE_MEA:
01/08/2002 03:30:38
$MEAS_TIM:
61 61
$DATA:
0 511
       0
       0
       0
       0
       0
       0
       0
       0
       0
       0
       0
       0
       0
       0
       0
       0
       0
       0
       0
       0
       0
       0
       0
       0
       0
       0
       0
       0
       0
       0
       0
       1
      19
      45
      30
      37
      45
      53
      48
      54
      50
      61
      43
      55
      48
      46
      38
      60
      59
      58
      45
      52
      39
      44
      46
      56
      49
      49
      46
      55
      56
      48
      54
      42
      60
      51
      61
      61
      57
      61
      63
      58
      50
      57
      58
      58
      59
      53
      55
      62
      72
      62
      85
      54
      56
      66
      61
      58
      54
      67
      59
      60
      58
      50
      49
      53
      50
      75
      64
      57
      49
      58
      47
      53
      59
      45
      46
      46
      47
      51
      47
      45
      56
      49
      46
      45
      48
      45
      54
      47
      54
      52
      53
      40
      44
      48
      52
      47
      50
      57
      45
      40
      47
      48
      44
      57
      32
      47
      42
      55
      37
      43
      39
      39
      41
      47
      51
      47
      34
      48
      54
      41
      56
      55
      43
      39
      60
      38
      44
      44
      57
      50
      43
      57
      55
      44
      48
      42
      44
      44
      33
      35
      34
      36
      32
      41
      24
      31
      40
      21
      27
      26
      24
      28
      18
      20
      20
      18
      19
      14
      18
      19
      21
      12
      22
      25
      13
      17
      13
      17
      14
      14
      26
      24
      28
      15
      13
      20
      25
      14
      23
      19
      22
      14
      17
      19
      17
      27
      32
      30
      21
      34
      29
      40
      39
      39
      55
      53
      63
      80
      82
     118
     142
     153
     189
     210
     250
     247
     269
     319
     322
     327
     373
     322
     337
     353
     313
     315
     289
     247
     205
     189
     167
     132
     107
      86
      75
      67
      54
      34
      28
      23
      16
       2
       7
       5
       4
       4
       1
       0
       1
       1
       1
       1
       0
       0
       0
       2
       0
       3
       1
       1
       1
       1
       0
       1
       0
       0
       0
       1
       0
       1
       2
       0
       1
       2
       3
       0
       0
       4
       0
       0
       2
       1
       0
       0
       1
       1
       0
       1
       0
       1
       0
       0
       0
       0
       1
       2
       1
       1
       1
       1
       1
       0
       1
       0
       0
       0
       0
       2
       0
       0
       1
       2
       0
       0
       1
       3
       1
       3
       0
       0
       4
       1
       0
       1
       1
       0
       0
       0
       0
       0
       1
       0
       1
       0
       0
       0
       0
       1
       0
       0
       1
       1
       0
       0
       0
       1
       0
       0
       0
       0
       0
       0
       0
       2
       0
       0
       0
       0
       0
       1
       1
       0
       1
       1
       1
       1
       1
       0
       0
       0
       0
       0
       1
       0
       0
       0
       0
       0
       1
       0
       1
       0
       0
       2
       0
       2
       0
       0
       1
       0
       3
       1
       0
       1
       0
       0
       0
       1
       1
       0
       2
       0
       0
       0
       0
       0
       1
       1
       1
       1
       0
       1
       0
       0
       1
       0
       0
       0
       0
       0
       2
       0
       0
       0
       0
       1
       0
       0
       0
       0
       0
       0
       0
       0
       0
       0
       0
       1
       0
       0
       1
       0
       0
       0
       0
       0
       0
       0
       0
       0
       0
       0
       0
       0
       0
       0
       0
       0
       0
       0
       0
       0
       0
       0
       0
       0
       0
       0
       0
       0
       0
       0
       0
       0
       0
       0
       0
       0
       0
       0
       0
       0
       0
       0
       0
       0
       0
       0
       0
       0
$ROI:
1
214 261
$PRESETS:
Real Time
480
0
$ENER_FIT:
0.000000 3.991138
$MCA_CAL:
3
0.000000E+000 3.991138E+000 0.000000E+000 keV
$SHAPE_CAL:
3
1.151547E+001 0.000000E+000 0.000000E+000
