$SPEC_ID:
No sample description was entered.
$SPEC_REM:
DET# 1
DETDESC# PRAK01 Easy-MCA-2k SN 15071856
AP# Maestro Version 7.01
$DATE_MEA:
01/08/2002 03:25:39
$MEAS_TIM:
60 60
$DATA:
0 511
       0
       0
       0
       0
       0
       0
       0
       0
       0
       0
       0
       0
       0
       0
       0
       0
       0
       0
       0
       0
       0
       0
       0
       0
       0
       0
       0
       0
       0
       0
       0
       1
      50
      79
      94
      75
      93
      82
      79
      83
      97
      85
      97
      83
      76
      76
      88
      85
      95
     105
      82
      99
      81
      88
     100
     103
      97
      93
     100
     115
     100
     105
      99
      98
     120
      96
      97
     101
      97
      97
     111
     119
     133
     109
     135
     108
     119
     126
     113
     140
     130
     129
     130
     130
     112
     115
     107
     106
     103
     111
     119
     108
     118
      98
     111
      99
     106
     120
      89
      93
      76
     104
      97
     103
      99
     102
      82
      92
     100
      91
     100
     100
     117
      92
      78
      95
      90
      84
      95
      79
      91
     106
     102
      98
     102
      70
      80
      89
      81
      93
      89
      98
      96
      86
      85
      95
      72
      99
      93
      82
      99
      88
      79
      94
      92
      84
     103
      84
      91
      86
      96
     106
      87
      94
      93
     106
      85
      92
     102
      93
      90
      87
      81
     104
      92
      82
     100
      84
      89
      99
      82
      82
      85
      82
      64
      77
      45
      64
      58
      55
      64
      52
      48
      41
      53
      41
      40
      35
      35
      45
      46
      34
      38
      35
      44
      30
      26
      26
      26
      32
      33
      37
      42
      36
      33
      32
      34
      44
      37
      32
      45
      37
      40
      41
      30
      43
      37
      45
      30
      37
      57
      43
      64
      65
      62
      89
     103
     108
     109
     147
     171
     216
     247
     290
     351
     400
     466
     475
     564
     595
     643
     660
     692
     730
     681
     648
     631
     587
     555
     473
     453
     413
     323
     272
     271
     220
     154
     145
     114
      69
      68
      36
      29
      23
      11
      15
       4
       3
       2
       4
       2
       2
       2
       0
       3
       1
       0
       1
       1
       1
       0
       2
       1
       0
       0
       0
       0
       0
       0
       0
       2
       1
       1
       0
       1
       0
       0
       1
       1
       1
       1
       1
       1
       1
       0
       0
       0
       0
       1
       1
       0
       0
       0
       0
       1
       3
       1
       1
       0
       0
       0
       0
       0
       0
       1
       0
       0
       1
       0
       0
       0
       2
       0
       1
       0
       1
       2
       0
       1
       1
       0
       0
       0
       0
       1
       0
       1
       1
       0
       1
       2
       0
       0
       3
       1
       0
       1
       1
       0
       0
       0
       0
       1
       1
       2
       0
       1
       0
       0
       0
       0
       0
       0
       2
       0
       0
       1
       0
       0
       1
       0
       1
       0
       0
       1
       0
       1
       0
       1
       0
       0
       0
       0
       1
       1
       1
       0
       0
       1
       1
       1
       3
       0
       0
       0
       1
       0
       1
       1
       1
       1
       0
       0
       0
       0
       1
       0
       0
       0
       1
       1
       1
       1
       1
       0
       0
       0
       1
       0
       0
       0
       1
       0
       0
       0
       1
       1
       0
       0
       0
       0
       0
       0
       0
       0
       0
       0
       0
       0
       0
       0
       0
       0
       1
       0
       0
       0
       1
       0
       0
       0
       1
       0
       0
       0
       0
       0
       0
       0
       0
       0
       0
       0
       0
       0
       0
       0
       0
       0
       0
       0
       0
       0
       0
       0
       0
       0
       0
       0
       0
       0
       0
       0
       0
       0
       0
       0
       0
       0
       0
       0
       0
       0
       0
       0
       0
       0
       0
       0
       0
       0
       0
$ROI:
1
214 261
$PRESETS:
Real Time
480
0
$ENER_FIT:
0.000000 3.991138
$MCA_CAL:
3
0.000000E+000 3.991138E+000 0.000000E+000 keV
$SHAPE_CAL:
3
1.151547E+001 0.000000E+000 0.000000E+000
