$SPEC_ID:
No sample description was entered.
$SPEC_REM:
DET# 1
DETDESC# PRAK01 Easy-MCA-2k SN 15071856
AP# Maestro Version 7.01
$DATE_MEA:
01/08/2002 03:45:34
$MEAS_TIM:
59 60
$DATA:
0 511
       0
       0
       0
       0
       0
       0
       0
       0
       0
       0
       0
       0
       0
       0
       0
       0
       0
       0
       0
       0
       0
       0
       0
       0
       0
       0
       0
       0
       0
       0
       0
       0
      51
      90
      68
     103
      76
      79
      91
      79
      86
      75
      79
      79
      72
      80
      93
      94
      79
      89
      95
      99
      94
      96
      97
      97
     113
      92
     108
     100
     105
     117
      90
     108
      82
      96
     101
     119
      89
     100
     112
     100
      98
     119
     102
     133
      95
     115
     122
     133
     115
     133
     105
     116
     114
     107
     110
     115
     121
     101
      91
     106
      88
     109
     111
     106
      98
      98
     116
     103
     105
      97
      92
     100
      86
     102
     101
      94
      84
     102
      92
      98
      89
      94
      98
      97
      86
      87
      93
      86
      79
      77
      93
      77
      89
      90
      88
     102
      89
      83
      90
      89
     102
      86
      92
     104
      71
      95
      93
      88
      85
      88
      92
      92
      92
      80
     107
      78
      88
      95
      96
      96
     103
      71
      87
      87
      97
      97
      94
     103
      84
     110
      91
     104
      83
      90
      79
      97
      74
      96
      97
      84
      83
      72
      79
      87
      59
      64
      65
      39
      70
      46
      50
      52
      55
      38
      55
      36
      35
      46
      40
      37
      27
      29
      38
      32
      40
      34
      23
      38
      35
      40
      33
      37
      29
      31
      40
      42
      32
      39
      25
      42
      38
      42
      36
      31
      42
      43
      34
      35
      41
      52
      60
      59
      67
      71
      96
     107
     133
     129
     159
     197
     233
     315
     305
     387
     431
     470
     525
     549
     595
     637
     598
     725
     661
     688
     641
     628
     603
     502
     464
     416
     322
     297
     234
     197
     178
     130
     107
      82
      60
      56
      34
      20
      16
      15
       9
       6
       2
       2
       1
       2
       0
       1
       1
       0
       0
       1
       1
       0
       1
       1
       0
       0
       1
       0
       0
       1
       1
       0
       1
       0
       1
       0
       1
       1
       1
       0
       1
       1
       3
       1
       1
       1
       1
       2
       0
       2
       0
       2
       0
       0
       1
       0
       3
       1
       0
       2
       0
       0
       0
       0
       1
       0
       0
       0
       1
       0
       0
       2
       0
       2
       1
       0
       0
       0
       0
       0
       0
       1
       0
       1
       0
       1
       0
       1
       0
       1
       1
       0
       0
       1
       3
       0
       0
       1
       0
       1
       1
       1
       0
       0
       0
       0
       0
       2
       1
       0
       1
       0
       0
       0
       0
       0
       0
       0
       0
       0
       1
       1
       0
       1
       0
       0
       2
       0
       1
       0
       1
       0
       0
       1
       0
       0
       2
       0
       0
       0
       0
       0
       0
       0
       1
       0
       1
       0
       0
       1
       0
       0
       2
       0
       0
       0
       0
       1
       0
       2
       0
       1
       0
       0
       1
       2
       1
       0
       0
       0
       1
       0
       1
       0
       0
       1
       1
       2
       1
       0
       1
       0
       0
       0
       0
       0
       0
       0
       0
       0
       0
       0
       1
       2
       1
       2
       0
       0
       0
       2
       0
       0
       0
       0
       0
       0
       0
       0
       0
       0
       0
       0
       0
       0
       0
       0
       0
       0
       0
       0
       0
       0
       0
       0
       0
       0
       0
       0
       0
       0
       0
       0
       0
       0
       0
       0
       0
       0
       0
       0
       0
       0
       0
       0
       0
       0
       0
       0
       0
       0
       0
       0
       0
       0
$ROI:
1
214 261
$PRESETS:
Real Time
480
0
$ENER_FIT:
0.000000 3.991138
$MCA_CAL:
3
0.000000E+000 3.991138E+000 0.000000E+000 keV
$SHAPE_CAL:
3
1.151547E+001 0.000000E+000 0.000000E+000
