$SPEC_ID:
No sample description was entered.
$SPEC_REM:
DET# 1
DETDESC# PRAK01 Easy-MCA-2k SN 15071856
AP# Maestro Version 7.01
$DATE_MEA:
01/08/2002 03:39:11
$MEAS_TIM:
59 60
$DATA:
0 511
       0
       0
       0
       0
       0
       0
       0
       0
       0
       0
       0
       0
       0
       0
       0
       0
       0
       0
       0
       0
       0
       0
       0
       0
       0
       0
       0
       0
       0
       0
       0
       1
      52
      79
      74
      84
      89
      91
      89
      80
      81
      86
      82
      72
      64
      87
      95
     108
      84
      89
      74
      86
      86
      82
      83
      99
      97
     109
      98
      86
      87
     106
     110
     104
     102
      95
     104
     101
     103
     106
     121
      97
     121
     120
     101
     120
     101
     121
      94
     102
     126
     118
     125
     110
      90
     132
     104
     110
     111
     116
      94
     110
     102
      89
     108
      87
     106
     112
     107
      84
      97
     103
     108
      91
     107
      95
     116
      77
      85
     107
      96
     101
      88
     102
      77
      87
      92
      75
      95
     110
      95
      72
      97
      89
      77
      90
      96
      83
     112
      92
      74
      82
      84
      81
     103
      74
      92
      84
      82
      88
      80
      79
      87
     106
      81
      96
      81
     102
      90
      74
      93
      90
      83
      86
      87
     102
      99
     116
      86
      93
      96
      91
      79
      90
      92
      84
      82
      76
      87
      75
      76
      85
      74
      69
      70
      83
      63
      58
      60
      60
      59
      51
      49
      53
      42
      56
      34
      31
      35
      27
      36
      41
      32
      23
      26
      23
      31
      21
      41
      40
      48
      33
      33
      31
      30
      36
      29
      27
      42
      37
      43
      35
      32
      38
      32
      26
      41
      44
      38
      43
      44
      42
      54
      44
      52
      83
      80
     111
      99
     121
     176
     182
     226
     285
     283
     347
     369
     469
     481
     524
     571
     579
     658
     633
     706
     739
     645
     611
     552
     532
     482
     445
     357
     336
     282
     267
     187
     165
     146
      95
      85
      57
      34
      30
      12
      19
      15
       7
       3
       5
       5
       1
       3
       4
       1
       1
       0
       0
       1
       0
       2
       1
       1
       1
       0
       0
       1
       1
       0
       1
       2
       0
       0
       0
       0
       2
       1
       1
       0
       1
       0
       1
       0
       0
       0
       1
       0
       3
       1
       1
       1
       0
       0
       1
       1
       0
       0
       0
       0
       0
       2
       5
       0
       0
       2
       0
       0
       0
       0
       0
       1
       0
       0
       1
       0
       1
       0
       0
       1
       0
       1
       0
       0
       1
       1
       1
       0
       0
       1
       2
       0
       1
       1
       0
       0
       0
       0
       0
       0
       0
       1
       0
       0
       1
       0
       0
       0
       1
       0
       1
       0
       0
       1
       0
       0
       1
       0
       0
       0
       0
       0
       1
       0
       1
       0
       0
       1
       0
       1
       0
       0
       0
       0
       0
       0
       0
       1
       0
       0
       0
       0
       1
       1
       1
       1
       2
       2
       0
       0
       0
       0
       1
       1
       0
       2
       0
       0
       0
       0
       0
       1
       0
       1
       0
       0
       0
       0
       2
       1
       1
       0
       0
       0
       0
       0
       1
       0
       0
       1
       1
       0
       0
       0
       0
       0
       1
       0
       0
       0
       0
       0
       1
       0
       0
       0
       0
       0
       0
       1
       0
       0
       0
       0
       0
       0
       0
       0
       0
       0
       0
       0
       0
       0
       0
       0
       0
       0
       0
       0
       0
       0
       0
       0
       0
       0
       0
       0
       0
       0
       0
       0
       0
       0
       0
       0
       0
       0
       0
       0
       0
       0
       0
       0
       0
       0
       0
       0
       0
       0
       0
       0
       0
$ROI:
1
214 261
$PRESETS:
Real Time
480
0
$ENER_FIT:
0.000000 3.991138
$MCA_CAL:
3
0.000000E+000 3.991138E+000 0.000000E+000 keV
$SHAPE_CAL:
3
1.151547E+001 0.000000E+000 0.000000E+000
