$SPEC_ID:
No sample description was entered.
$SPEC_REM:
DET# 1
DETDESC# PRAK01 Easy-MCA-2k SN 15071856
AP# Maestro Version 7.01
$DATE_MEA:
01/08/2002 03:36:02
$MEAS_TIM:
60 60
$DATA:
0 511
       0
       0
       0
       0
       0
       0
       0
       0
       0
       0
       0
       0
       0
       0
       0
       0
       0
       0
       0
       0
       0
       0
       0
       0
       0
       0
       0
       0
       0
       0
       1
       0
      41
      40
      45
      42
      50
      37
      42
      57
      52
      51
      64
      37
      48
      52
      47
      53
      55
      49
      64
      53
      58
      44
      64
      51
      68
      56
      60
      55
      70
      63
      47
      48
      75
      37
      46
      62
      63
      60
      88
      66
      77
      77
      72
      70
      66
      76
      63
      70
      86
      88
      50
      69
      63
      64
      68
      65
      58
      69
      68
      47
      63
      58
      65
      73
      44
      54
      43
      57
      43
      43
      43
      40
      52
      46
      40
      63
      55
      42
      50
      58
      46
      60
      49
      57
      45
      46
      48
      58
      48
      61
      54
      51
      42
      46
      52
      52
      67
      52
      53
      46
      47
      51
      40
      39
      40
      47
      56
      59
      45
      55
      69
      51
      57
      55
      55
      53
      48
      60
      48
      62
      60
      43
      54
      55
      55
      64
      42
      50
      48
      53
      45
      53
      35
      44
      47
      47
      61
      55
      48
      44
      36
      45
      43
      38
      40
      31
      28
      32
      32
      26
      30
      30
      27
      33
      28
      19
      27
      13
      19
      19
      23
      23
      14
      13
      15
      20
      28
      20
      21
      20
      17
      21
      18
      29
      29
      26
      27
      21
      18
      11
      24
      28
      22
      15
      24
      17
      17
      13
      30
      25
      28
      26
      43
      52
      58
      55
      66
      84
      94
     120
     145
     171
     187
     204
     209
     274
     285
     314
     337
     352
     338
     348
     357
     370
     361
     335
     301
     273
     223
     237
     205
     135
     134
     106
      73
      69
      51
      36
      21
      17
      12
       8
       5
      10
       4
       4
       2
       1
       1
       2
       0
       0
       2
       2
       0
       0
       1
       0
       0
       1
       0
       0
       1
       2
       3
       0
       2
       0
       0
       1
       0
       1
       1
       2
       0
       0
       0
       0
       0
       1
       1
       1
       0
       0
       0
       0
       0
       1
       1
       2
       0
       0
       0
       1
       1
       2
       0
       0
       1
       0
       0
       0
       1
       1
       2
       1
       0
       1
       0
       3
       1
       0
       0
       0
       0
       0
       0
       0
       0
       0
       0
       0
       1
       2
       1
       1
       0
       0
       0
       0
       1
       0
       0
       0
       0
       1
       1
       1
       0
       0
       0
       0
       0
       1
       2
       0
       1
       2
       1
       0
       1
       0
       1
       0
       2
       0
       0
       1
       1
       1
       0
       0
       0
       0
       0
       1
       1
       0
       0
       2
       0
       0
       1
       0
       1
       0
       1
       0
       1
       1
       0
       0
       0
       0
       0
       0
       2
       0
       0
       0
       0
       2
       0
       1
       0
       0
       2
       0
       1
       0
       0
       0
       1
       0
       0
       1
       0
       0
       0
       0
       0
       0
       0
       0
       1
       0
       0
       0
       0
       0
       1
       0
       0
       0
       0
       0
       0
       0
       0
       0
       0
       0
       1
       0
       1
       0
       0
       0
       0
       1
       1
       0
       0
       0
       0
       0
       0
       0
       0
       0
       0
       0
       0
       0
       0
       0
       0
       0
       0
       0
       0
       0
       0
       0
       0
       0
       0
       0
       0
       0
       0
       0
       0
       0
       0
       0
       0
       0
       0
       0
       0
       0
       0
       0
       0
       0
       0
       0
       0
       0
$ROI:
1
214 261
$PRESETS:
Real Time
480
0
$ENER_FIT:
0.000000 3.991138
$MCA_CAL:
3
0.000000E+000 3.991138E+000 0.000000E+000 keV
$SHAPE_CAL:
3
1.151547E+001 0.000000E+000 0.000000E+000
