$SPEC_ID:
No sample description was entered.
$SPEC_REM:
DET# 1
DETDESC# PRAK01 Easy-MCA-2k SN 15071856
AP# Maestro Version 7.01
$DATE_MEA:
01/08/2002 03:37:32
$MEAS_TIM:
60 60
$DATA:
0 511
       0
       0
       0
       0
       0
       0
       0
       0
       0
       0
       0
       0
       0
       0
       0
       0
       0
       0
       0
       0
       0
       0
       0
       0
       0
       0
       0
       0
       0
       0
       0
       0
      34
      51
      49
      49
      46
      54
      53
      36
      41
      49
      40
      43
      51
      54
      61
      56
      63
      59
      35
      41
      48
      54
      79
      55
      64
      66
      67
      64
      51
      56
      61
      61
      57
      53
      71
      77
      68
      64
      54
      69
      47
      50
      57
      69
      45
      69
      67
      64
      65
      72
      46
      65
      63
      72
      50
      63
      66
      63
      79
      61
      54
      51
      65
      68
      60
      62
      46
      69
      74
      48
      58
      56
      59
      48
      61
      46
      47
      44
      54
      52
      45
      48
      45
      62
      44
      63
      48
      50
      38
      48
      63
      40
      47
      65
      58
      48
      48
      43
      54
      56
      54
      58
      47
      54
      54
      56
      48
      48
      46
      39
      46
      52
      39
      51
      50
      49
      44
      50
      55
      53
      40
      51
      68
      51
      38
      38
      59
      56
      34
      47
      54
      56
      60
      55
      49
      47
      52
      43
      48
      35
      42
      43
      38
      36
      27
      44
      33
      41
      29
      24
      28
      22
      23
      37
      27
      28
      16
      18
      16
      15
      21
      13
      21
      20
      18
      21
      18
      25
      13
      20
      19
      26
      12
      18
      17
      24
      28
      19
      22
      28
      26
      23
      23
      15
      33
      22
      19
      27
      30
      24
      39
      36
      34
      45
      51
      55
      69
      88
     109
     113
     116
     144
     181
     220
     228
     214
     310
     318
     342
     333
     365
     387
     361
     337
     349
     299
     268
     285
     223
     214
     174
     143
     143
     119
      93
      67
      60
      30
      38
      19
      18
       5
       6
       4
       4
       2
       1
       0
       0
       1
       1
       0
       3
       1
       3
       0
       0
       0
       1
       1
       2
       0
       0
       0
       1
       1
       0
       0
       0
       1
       1
       0
       1
       1
       0
       1
       0
       1
       0
       2
       1
       3
       2
       1
       2
       0
       0
       1
       0
       1
       1
       0
       1
       1
       1
       1
       0
       2
       0
       2
       1
       0
       1
       1
       0
       0
       1
       0
       0
       0
       0
       0
       1
       0
       1
       1
       0
       3
       0
       0
       0
       0
       0
       0
       1
       0
       1
       0
       1
       0
       0
       0
       1
       0
       1
       1
       0
       2
       1
       0
       0
       0
       1
       0
       1
       0
       1
       1
       1
       0
       0
       2
       0
       0
       0
       0
       0
       1
       0
       0
       1
       0
       0
       0
       0
       0
       0
       0
       1
       1
       1
       0
       0
       0
       0
       0
       1
       0
       1
       0
       0
       0
       0
       0
       0
       0
       1
       1
       0
       0
       0
       0
       1
       1
       0
       0
       0
       0
       0
       0
       0
       0
       0
       1
       0
       0
       0
       0
       0
       0
       0
       0
       0
       0
       0
       0
       0
       1
       0
       0
       0
       0
       1
       0
       0
       0
       0
       0
       0
       0
       0
       0
       0
       0
       0
       0
       0
       1
       0
       2
       0
       0
       0
       0
       0
       0
       0
       0
       0
       0
       0
       0
       0
       0
       0
       0
       0
       0
       0
       0
       0
       0
       0
       0
       0
       0
       0
       0
       0
       0
       0
       0
       0
       0
       0
       0
       0
       0
       0
       0
       0
       0
       0
       0
       0
       0
       0
       0
       0
       0
$ROI:
1
214 261
$PRESETS:
Real Time
480
0
$ENER_FIT:
0.000000 3.991138
$MCA_CAL:
3
0.000000E+000 3.991138E+000 0.000000E+000 keV
$SHAPE_CAL:
3
1.151547E+001 0.000000E+000 0.000000E+000
