$SPEC_ID:
No sample description was entered.
$SPEC_REM:
DET# 1
DETDESC# PRAK01 Easy-MCA-2k SN 15071856
AP# Maestro Version 7.01
$DATE_MEA:
01/08/2002 03:41:35
$MEAS_TIM:
59 60
$DATA:
0 511
       0
       0
       0
       0
       0
       0
       0
       0
       0
       0
       0
       0
       0
       0
       0
       0
       0
       0
       0
       0
       0
       0
       0
       0
       0
       0
       0
       0
       0
       0
       0
       2
      52
      76
      79
      92
      77
      79
      88
      80
      66
      95
      96
      82
     105
      63
      86
      77
      91
      87
     114
      76
      85
      84
      79
      97
      85
      95
     101
      98
      93
     104
      82
      95
      75
     106
     103
     102
     104
     101
     108
     106
      98
     116
     108
     119
     126
     115
     121
     111
     133
     111
      99
     129
     101
     109
     109
      93
      96
     111
     112
     106
     111
     119
     101
     111
     101
     101
     133
     107
     103
     102
      84
      95
      94
      97
      95
      94
      97
      99
      79
      86
      83
      92
     102
      91
      95
      97
     100
      83
      93
      88
      91
      85
      89
      90
      73
      87
      84
      89
      95
      89
      91
     103
      81
      96
     102
      88
     101
     102
     118
      97
      88
      74
      99
     109
      76
      96
      95
      87
      89
      93
      90
      96
      84
      86
      97
      83
      91
      97
      90
      95
      85
      76
     105
      93
      87
      94
      84
      64
      70
      78
     100
      80
      75
      68
      74
      63
      68
      38
      49
      51
      52
      47
      45
      40
      63
      42
      49
      37
      40
      49
      41
      35
      33
      34
      44
      31
      35
      27
      27
      38
      32
      33
      39
      20
      32
      37
      32
      38
      35
      32
      42
      34
      45
      37
      39
      55
      26
      34
      47
      44
      42
      53
      54
      55
      72
      88
      91
     101
     141
     169
     224
     258
     291
     332
     358
     390
     462
     551
     513
     616
     625
     640
     706
     670
     672
     653
     569
     537
     471
     471
     408
     374
     301
     249
     224
     162
     131
     106
      88
      59
      44
      29
      23
      25
      15
       6
       4
       6
       0
       1
       2
       1
       1
       0
       1
       0
       2
       0
       1
       1
       0
       0
       1
       0
       0
       1
       0
       0
       2
       0
       0
       0
       1
       1
       0
       0
       0
       0
       0
       1
       2
       0
       1
       0
       1
       1
       1
       1
       1
       0
       1
       0
       0
       1
       0
       1
       1
       1
       0
       0
       0
       2
       1
       1
       0
       0
       0
       1
       1
       1
       1
       1
       0
       0
       0
       1
       1
       0
       0
       0
       3
       0
       0
       0
       1
       0
       1
       0
       1
       0
       1
       2
       0
       1
       0
       0
       1
       0
       0
       1
       0
       1
       1
       2
       0
       0
       0
       0
       1
       0
       1
       0
       1
       0
       0
       0
       0
       1
       0
       1
       1
       1
       0
       0
       0
       1
       2
       0
       2
       0
       0
       3
       0
       2
       0
       0
       0
       0
       1
       0
       0
       1
       1
       0
       0
       1
       1
       1
       0
       0
       0
       0
       2
       0
       1
       0
       0
       0
       0
       1
       0
       2
       0
       0
       1
       0
       0
       0
       0
       0
       1
       0
       0
       0
       1
       0
       0
       0
       2
       1
       1
       1
       0
       1
       0
       0
       0
       0
       0
       1
       0
       0
       2
       0
       1
       1
       0
       0
       1
       0
       0
       0
       0
       0
       0
       0
       0
       0
       0
       0
       0
       0
       0
       0
       0
       0
       0
       0
       0
       0
       0
       0
       0
       0
       0
       0
       0
       0
       0
       0
       0
       0
       0
       0
       0
       0
       0
       0
       0
       0
       0
       0
       0
       0
       0
       0
       0
       0
       0
       0
$ROI:
1
214 261
$PRESETS:
Real Time
480
0
$ENER_FIT:
0.000000 3.991138
$MCA_CAL:
3
0.000000E+000 3.991138E+000 0.000000E+000 keV
$SHAPE_CAL:
3
1.151547E+001 0.000000E+000 0.000000E+000
