$SPEC_ID:
No sample description was entered.
$SPEC_REM:
DET# 1
DETDESC# PRAK01 Easy-MCA-2k SN 15071856
AP# Maestro Version 7.01
$DATE_MEA:
01/08/2002 03:28:40
$MEAS_TIM:
60 60
$DATA:
0 511
       0
       0
       0
       0
       0
       0
       0
       0
       0
       0
       0
       0
       0
       0
       0
       0
       0
       0
       0
       0
       0
       0
       0
       0
       0
       0
       0
       0
       0
       0
       0
       1
      54
      88
      87
     116
      93
      96
      88
      77
      95
      90
      89
      86
      90
      95
      90
      99
     103
      99
      93
     102
      93
     126
     107
     107
      96
     110
     101
     117
     100
      94
     109
      94
     112
      93
     113
     110
     132
     116
     106
     127
     132
     127
     114
     120
     110
     115
     132
     127
     125
     132
     132
     112
     116
     115
     113
     114
     115
     104
     119
     112
     115
     114
     108
     115
     116
     122
      82
     109
     101
     100
     104
      87
     121
      97
     106
     101
     113
     108
      99
      92
      88
     108
      77
     109
      96
      98
     105
     104
      98
      99
      81
     101
      88
      91
      90
      89
      86
      93
      92
      98
      80
     102
      83
     115
      91
     111
      88
      76
      84
      93
      95
     100
      93
     105
      88
      96
      91
      94
      99
      58
      93
      92
      92
     102
     101
      96
      89
      96
      99
     111
      91
     100
      84
     104
      91
      90
      96
      86
     112
      90
      72
      84
      68
      71
      51
      56
      60
      50
      51
      57
      55
      52
      32
      45
      46
      38
      41
      31
      38
      48
      45
      36
      38
      35
      50
      27
      28
      46
      40
      30
      33
      31
      38
      45
      38
      29
      30
      30
      24
      30
      41
      48
      40
      45
      41
      36
      42
      55
      41
      45
      70
      61
      61
      73
      83
     101
     146
     177
     189
     206
     272
     311
     344
     402
     461
     527
     529
     626
     642
     698
     625
     726
     705
     710
     665
     646
     610
     487
     490
     395
     340
     324
     248
     220
     172
     140
     111
      75
      61
      47
      31
      21
       6
      17
       8
       6
       5
       1
       0
       2
       0
       0
       1
       1
       1
       0
       1
       0
       2
       1
       0
       4
       2
       0
       0
       0
       1
       2
       2
       0
       0
       0
       1
       1
       1
       1
       0
       3
       2
       0
       0
       1
       0
       0
       0
       2
       0
       0
       1
       0
       0
       1
       3
       0
       0
       0
       0
       0
       0
       0
       0
       2
       0
       2
       0
       1
       1
       0
       2
       0
       0
       0
       1
       0
       0
       0
       2
       1
       1
       0
       1
       0
       1
       0
       0
       0
       0
       0
       0
       2
       2
       1
       0
       0
       1
       0
       1
       0
       0
       1
       0
       1
       0
       1
       1
       1
       1
       1
       0
       1
       0
       1
       1
       0
       0
       0
       1
       0
       0
       2
       0
       0
       1
       1
       0
       0
       1
       0
       2
       0
       1
       1
       0
       0
       0
       2
       0
       0
       0
       0
       0
       0
       0
       0
       1
       0
       1
       1
       1
       0
       0
       0
       1
       0
       0
       2
       2
       1
       1
       0
       1
       1
       0
       0
       0
       1
       0
       0
       1
       0
       0
       0
       1
       1
       1
       0
       1
       0
       1
       1
       0
       0
       1
       0
       0
       0
       1
       0
       1
       0
       1
       0
       0
       1
       0
       1
       0
       0
       0
       1
       1
       0
       0
       0
       0
       0
       0
       0
       0
       0
       0
       0
       0
       0
       0
       0
       0
       0
       0
       0
       0
       0
       0
       0
       0
       0
       0
       0
       0
       0
       0
       0
       0
       0
       0
       0
       0
       0
       0
       0
       0
       0
       0
       0
       0
       0
       0
       0
       0
       0
$ROI:
1
214 261
$PRESETS:
Real Time
480
0
$ENER_FIT:
0.000000 3.991138
$MCA_CAL:
3
0.000000E+000 3.991138E+000 0.000000E+000 keV
$SHAPE_CAL:
3
1.151547E+001 0.000000E+000 0.000000E+000
