$SPEC_ID:
No sample description was entered.
$SPEC_REM:
DET# 1
DETDESC# PRAK01 Easy-MCA-2k SN 15071856
AP# Maestro Version 7.01
$DATE_MEA:
01/08/2002 03:56:05
$MEAS_TIM:
60 60
$DATA:
0 511
       0
       0
       0
       0
       0
       0
       0
       0
       0
       0
       0
       0
       0
       0
       0
       0
       0
       0
       0
       0
       0
       0
       0
       0
       0
       0
       0
       0
       0
       0
       0
       0
      18
      13
      17
      21
      26
      27
      27
      20
      21
      27
      24
      23
      20
      33
      26
      28
      27
      22
      18
      27
      33
      27
      27
      29
      30
      33
      40
      29
      30
      25
      35
      33
      29
      22
      34
      31
      19
      31
      30
      29
      22
      28
      30
      26
      23
      31
      23
      37
      33
      24
      26
      38
      26
      21
      29
      33
      26
      25
      16
      21
      28
      27
      18
      21
      26
      21
      21
      17
      27
      17
      19
      16
      24
      23
      26
      31
      17
      26
      21
      30
      15
      29
      16
      22
      23
      18
      20
      22
      21
      15
      18
      17
      16
      12
      10
      22
      19
      22
      21
      13
      25
      30
      12
      27
      21
      17
      15
      15
      14
      20
      21
      34
      20
      18
      13
      14
      21
      24
      22
      14
      18
      17
      19
      17
      27
      21
      14
      19
      13
      13
      16
      20
      20
      20
      20
      12
      14
      16
       9
      22
      15
      12
      17
      17
      21
      13
      14
      11
      10
       7
      10
      10
       9
      17
       9
      10
      12
       9
      12
       8
       8
       4
      10
       9
       5
      10
      11
      10
       4
       9
       9
      11
       5
       6
       6
       8
       6
      13
       8
       6
      20
       9
      13
       7
      10
      11
      11
       5
      10
      14
      17
      18
      13
      11
      19
      23
      26
      28
      39
      48
      54
      51
      70
      80
      97
      94
     110
     113
     124
     118
     112
     132
     136
     137
     121
     109
     108
      94
      96
      71
      65
      47
      50
      40
      35
      20
      16
      15
      15
       8
       8
       1
       4
       6
       0
       0
       2
       0
       2
       1
       2
       3
       0
       2
       0
       1
       1
       2
       0
       1
       1
       0
       0
       3
       1
       0
       1
       1
       1
       1
       2
       1
       3
       0
       0
       0
       0
       1
       0
       0
       0
       0
       0
       0
       0
       0
       1
       1
       1
       0
       2
       1
       0
       0
       0
       0
       1
       0
       0
       2
       1
       0
       0
       1
       0
       0
       1
       0
       1
       0
       0
       0
       0
       1
       1
       0
       0
       0
       0
       2
       0
       0
       0
       0
       1
       0
       2
       0
       0
       2
       1
       0
       0
       0
       0
       0
       0
       1
       1
       1
       1
       1
       1
       0
       0
       1
       0
       0
       0
       0
       1
       1
       0
       0
       1
       0
       0
       0
       0
       1
       0
       0
       0
       1
       0
       1
       0
       1
       0
       0
       0
       0
       0
       0
       0
       0
       1
       0
       0
       3
       0
       1
       0
       0
       0
       0
       1
       1
       1
       1
       0
       1
       0
       0
       1
       1
       1
       0
       0
       0
       0
       0
       1
       0
       1
       0
       0
       0
       0
       0
       0
       2
       1
       0
       2
       0
       0
       1
       1
       1
       0
       0
       1
       1
       0
       0
       1
       0
       0
       0
       0
       0
       0
       0
       0
       0
       1
       1
       1
       0
       0
       1
       0
       0
       0
       0
       0
       0
       0
       0
       0
       0
       0
       0
       0
       0
       0
       0
       0
       0
       0
       0
       0
       0
       0
       0
       0
       0
       0
       0
       0
       0
       0
       0
       0
       0
       0
       0
       0
       0
       0
       0
       0
       0
       0
       0
       0
       0
       0
       0
$ROI:
1
214 261
$PRESETS:
Real Time
480
0
$ENER_FIT:
0.000000 3.991138
$MCA_CAL:
3
0.000000E+000 3.991138E+000 0.000000E+000 keV
$SHAPE_CAL:
3
1.151547E+001 0.000000E+000 0.000000E+000
