$SPEC_ID:
No sample description was entered.
$SPEC_REM:
DET# 1
DETDESC# PRAK01 Easy-MCA-2k SN 15071856
AP# Maestro Version 7.01
$DATE_MEA:
01/08/2002 03:57:37
$MEAS_TIM:
60 60
$DATA:
0 511
       0
       0
       0
       0
       0
       0
       0
       0
       0
       0
       0
       0
       0
       0
       0
       0
       0
       0
       0
       0
       0
       0
       0
       0
       0
       0
       0
       0
       0
       0
       0
       1
      19
      30
      48
      37
      36
      22
      50
      34
      42
      44
      35
      49
      38
      45
      34
      48
      47
      35
      39
      49
      55
      43
      53
      42
      48
      48
      35
      42
      33
      50
      44
      48
      40
      34
      47
      53
      59
      52
      46
      54
      49
      53
      48
      44
      45
      58
      46
      49
      48
      59
      41
      48
      51
      50
      46
      39
      60
      51
      31
      46
      42
      50
      45
      44
      44
      48
      31
      45
      37
      53
      48
      50
      53
      24
      47
      50
      36
      41
      49
      49
      41
      43
      37
      28
      35
      34
      47
      32
      40
      40
      39
      41
      33
      41
      32
      43
      35
      35
      46
      46
      38
      35
      48
      41
      35
      31
      47
      36
      38
      25
      24
      36
      37
      43
      38
      31
      42
      50
      38
      44
      46
      39
      49
      49
      42
      39
      44
      47
      35
      38
      52
      37
      37
      43
      38
      46
      45
      43
      43
      35
      38
      37
      25
      35
      16
      25
      26
      25
      16
      17
      15
      16
      24
      16
      16
      18
      20
      19
      19
      25
      22
      18
      16
       9
      14
      22
      16
      21
      15
      14
      14
      14
      14
       9
      18
       9
      15
      17
      12
      18
      20
      18
      13
      17
      12
      22
      21
      20
      27
      13
      23
      27
      29
      24
      39
      43
      46
      56
      70
      79
     103
      97
     139
     134
     198
     189
     249
     238
     241
     245
     272
     323
     303
     284
     285
     253
     260
     225
     230
     195
     181
     163
     105
     100
      88
      78
      61
      49
      30
      27
      22
      18
       3
       7
       8
       2
       1
       2
       1
       3
       0
       0
       1
       0
       2
       0
       0
       0
       1
       2
       1
       1
       0
       0
       2
       1
       0
       0
       1
       0
       0
       0
       1
       0
       1
       0
       1
       1
       0
       2
       1
       0
       0
       1
       1
       0
       0
       2
       0
       0
       0
       0
       1
       0
       1
       0
       0
       0
       2
       1
       0
       2
       4
       0
       0
       0
       0
       0
       0
       2
       1
       0
       1
       0
       0
       0
       0
       0
       0
       0
       3
       0
       1
       0
       1
       0
       0
       0
       0
       1
       0
       1
       0
       0
       0
       1
       1
       0
       2
       0
       1
       2
       1
       1
       1
       1
       0
       0
       0
       1
       1
       0
       0
       0
       0
       1
       0
       0
       0
       0
       0
       0
       1
       1
       1
       1
       0
       0
       0
       0
       0
       0
       0
       0
       0
       0
       0
       0
       0
       1
       1
       1
       0
       2
       0
       1
       0
       1
       0
       0
       0
       0
       0
       1
       0
       1
       0
       1
       0
       0
       1
       1
       0
       0
       0
       0
       0
       0
       0
       2
       2
       1
       2
       0
       0
       0
       0
       0
       0
       0
       0
       1
       1
       0
       0
       0
       0
       0
       0
       0
       0
       0
       0
       0
       0
       0
       0
       0
       0
       0
       0
       1
       0
       0
       0
       0
       0
       0
       0
       0
       0
       0
       0
       0
       0
       0
       0
       0
       0
       0
       0
       0
       0
       0
       0
       0
       0
       0
       0
       0
       0
       0
       0
       0
       0
       0
       0
       0
       0
       0
       0
       0
       0
       0
       0
       0
       0
       0
       0
       0
$ROI:
1
214 261
$PRESETS:
Real Time
480
0
$ENER_FIT:
0.000000 3.991138
$MCA_CAL:
3
0.000000E+000 3.991138E+000 0.000000E+000 keV
$SHAPE_CAL:
3
1.151547E+001 0.000000E+000 0.000000E+000
