$SPEC_ID:
No sample description was entered.
$SPEC_REM:
DET# 1
DETDESC# PRAK01 Easy-MCA-2k SN 15071856
AP# Maestro Version 7.01
$DATE_MEA:
01/08/2002 03:49:05
$MEAS_TIM:
60 60
$DATA:
0 511
       0
       0
       0
       0
       0
       0
       0
       0
       0
       0
       0
       0
       0
       0
       0
       0
       0
       0
       0
       0
       0
       0
       0
       0
       0
       0
       0
       0
       0
       0
       0
       2
      11
      17
      26
      28
      27
      18
      25
      30
      21
      27
      24
      22
      15
      28
      18
      23
      20
      36
      24
      33
      35
      20
      26
      29
      30
      33
      27
      35
      26
      25
      32
      32
      30
      39
      32
      24
      21
      27
      21
      29
      25
      31
      30
      33
      25
      27
      33
      23
      34
      32
      19
      28
      29
      23
      34
      32
      23
      16
      22
      19
      24
      21
      26
      21
      27
      25
      21
      26
      22
      19
      23
      27
      27
      19
      20
      13
      20
      25
      30
      17
      19
      32
      21
      14
      16
      10
      15
      20
      22
      16
      20
      21
      20
      18
      21
      14
      23
      20
      21
      21
      19
      14
      23
      17
      25
      11
      12
      24
      15
      17
      17
      24
      14
      15
      18
      18
      14
      17
      14
      22
      13
      12
      25
      18
      22
      25
      18
      15
      20
      17
      18
      19
      18
      18
      26
      11
      10
      15
      18
      17
      22
      10
      14
      12
      16
      17
      13
       9
      13
      16
       8
       4
      16
      10
       6
      12
       9
      13
      15
       7
      11
       9
      11
       5
      10
      12
       2
       8
       5
       6
       5
       7
       9
      11
       1
       7
       8
       7
       5
       9
      12
       8
      14
       7
      10
       9
      12
       8
      15
       6
       9
      11
       9
      19
      17
      21
      22
      17
      30
      41
      37
      68
      72
      74
      92
      82
     124
     100
     141
     140
     155
     130
     153
     155
     123
     152
     130
     140
     116
     116
      86
      63
      69
      37
      51
      42
      26
      31
      19
       6
       5
       4
       6
       4
       5
       2
       2
       0
       0
       1
       0
       0
       2
       1
       0
       0
       1
       1
       0
       2
       1
       0
       1
       0
       1
       0
       2
       1
       2
       0
       1
       1
       1
       2
       2
       0
       1
       0
       0
       0
       1
       0
       0
       0
       0
       1
       0
       0
       3
       0
       0
       1
       0
       0
       0
       3
       2
       1
       0
       0
       1
       0
       0
       0
       0
       1
       0
       1
       2
       0
       0
       0
       0
       1
       0
       0
       0
       0
       1
       0
       1
       0
       0
       0
       0
       0
       0
       0
       0
       0
       0
       0
       0
       0
       0
       0
       0
       1
       0
       0
       0
       0
       1
       0
       0
       0
       0
       0
       0
       0
       0
       1
       0
       0
       0
       0
       0
       1
       2
       0
       0
       0
       0
       0
       0
       0
       0
       1
       0
       0
       0
       1
       2
       1
       0
       2
       1
       0
       1
       1
       1
       2
       0
       0
       0
       0
       0
       0
       1
       0
       0
       0
       0
       0
       1
       1
       1
       0
       1
       0
       1
       0
       0
       0
       0
       0
       0
       0
       0
       0
       0
       0
       0
       0
       0
       0
       0
       0
       1
       1
       0
       1
       0
       0
       0
       0
       0
       1
       0
       1
       0
       1
       0
       1
       0
       0
       0
       1
       1
       0
       0
       0
       0
       0
       0
       0
       0
       0
       0
       0
       0
       0
       0
       0
       0
       0
       0
       0
       0
       0
       0
       0
       0
       0
       0
       0
       0
       0
       0
       0
       0
       0
       0
       0
       0
       0
       0
       0
       0
       0
       0
       0
       0
       0
       0
       0
       0
       0
       0
       0
$ROI:
1
214 261
$PRESETS:
Real Time
480
0
$ENER_FIT:
0.000000 3.991138
$MCA_CAL:
3
0.000000E+000 3.991138E+000 0.000000E+000 keV
$SHAPE_CAL:
3
1.151547E+001 0.000000E+000 0.000000E+000
