$SPEC_ID:
No sample description was entered.
$SPEC_REM:
DET# 1
DETDESC# PRAK01 Easy-MCA-2k SN 15071856
AP# Maestro Version 7.01
$DATE_MEA:
01/08/2002 03:20:42
$MEAS_TIM:
60 60
$DATA:
0 511
       0
       0
       0
       0
       0
       0
       0
       0
       0
       0
       0
       0
       0
       0
       0
       0
       0
       0
       0
       0
       0
       0
       0
       0
       0
       0
       0
       0
       0
       0
       0
       2
      46
      79
      94
      99
      78
      87
      81
      87
      65
      91
      87
      82
     102
      91
      80
      84
     108
      81
     100
      79
     104
     102
      82
      92
     111
     107
     100
      91
     102
      94
     115
      89
     102
     108
      83
      85
      94
      95
     102
      96
     116
      93
     107
     133
     129
     131
     117
     112
     113
     130
     118
     104
     114
     134
     111
     113
     140
     106
     122
      97
     116
     119
     104
     123
     106
      98
     108
      95
     105
      94
      95
     109
     102
      95
      97
     106
     108
      85
      99
     101
      97
     104
      77
      91
      90
      85
      85
      91
      93
      87
      87
      91
     106
      90
      85
     103
      92
      95
     104
      82
     102
      99
      81
      69
     100
      88
      88
      83
      91
      76
     100
      99
      84
      82
     110
     106
      78
      98
      91
      92
      99
      93
      85
      94
      99
     102
      95
      97
      94
      77
      93
      99
      86
      91
      97
      80
      84
      92
      96
      83
      84
      82
      80
      66
      66
      56
      56
      45
      52
      41
      43
      43
      42
      42
      48
      38
      45
      47
      42
      41
      42
      42
      34
      22
      38
      31
      33
      35
      44
      36
      37
      27
      32
      34
      26
      39
      48
      48
      31
      39
      36
      29
      45
      35
      36
      46
      36
      31
      45
      46
      57
      63
      70
      88
      85
     106
     111
     148
     162
     205
     243
     289
     327
     370
     414
     484
     526
     627
     597
     685
     733
     683
     678
     660
     642
     670
     570
     541
     478
     428
     349
     294
     256
     205
     148
     119
     100
      73
      59
      44
      31
      24
      17
       6
       8
       9
       3
       2
       5
       2
       1
       1
       1
       0
       2
       0
       1
       1
       1
       0
       0
       0
       1
       0
       1
       1
       1
       2
       0
       2
       0
       1
       0
       2
       1
       0
       0
       2
       0
       3
       2
       0
       1
       0
       0
       1
       1
       1
       1
       2
       0
       0
       1
       1
       2
       1
       0
       0
       0
       0
       0
       1
       2
       1
       0
       0
       1
       0
       0
       2
       0
       0
       1
       1
       1
       0
       1
       2
       1
       0
       0
       0
       2
       1
       2
       1
       0
       0
       0
       0
       2
       1
       0
       0
       1
       1
       1
       0
       1
       1
       0
       1
       1
       0
       0
       0
       1
       1
       0
       0
       1
       0
       0
       1
       1
       0
       0
       0
       0
       2
       0
       0
       1
       1
       0
       0
       0
       1
       0
       0
       1
       0
       0
       1
       0
       1
       0
       1
       0
       0
       1
       1
       1
       1
       0
       0
       2
       0
       0
       2
       0
       0
       1
       2
       0
       0
       0
       0
       0
       0
       1
       0
       1
       0
       0
       1
       0
       0
       0
       0
       0
       0
       1
       0
       0
       0
       0
       0
       1
       1
       0
       0
       0
       0
       0
       0
       0
       0
       0
       0
       0
       1
       0
       0
       0
       1
       0
       0
       1
       0
       1
       0
       0
       0
       0
       0
       0
       0
       0
       0
       0
       0
       0
       0
       0
       0
       0
       0
       0
       0
       0
       0
       0
       0
       0
       0
       0
       0
       0
       0
       0
       0
       0
       0
       0
       0
       0
       0
       0
       0
       0
       0
       0
       0
       0
       0
       0
       0
       0
       0
$ROI:
1
214 261
$PRESETS:
Real Time
480
0
$ENER_FIT:
0.000000 3.991138
$MCA_CAL:
3
0.000000E+000 3.991138E+000 0.000000E+000 keV
$SHAPE_CAL:
3
1.151547E+001 0.000000E+000 0.000000E+000
