$SPEC_ID:
No sample description was entered.
$SPEC_REM:
DET# 1
DETDESC# PRAK01 Easy-MCA-2k SN 15071856
AP# Maestro Version 7.01
$DATE_MEA:
01/08/2002 03:13:56
$MEAS_TIM:
300 300
$DATA:
0 511
       0
       0
       0
       0
       0
       0
       0
       0
       0
       0
       0
       0
       0
       0
       0
       0
       0
       0
       0
       0
       0
       0
       0
       0
       0
       0
       0
       0
       0
       0
       0
       2
      37
      34
      52
      63
      60
      48
      74
      63
      60
      73
      54
      53
      47
      60
      58
      76
      69
      69
      71
      70
      59
      62
      74
      55
      70
      59
      59
      88
      57
      66
      69
      68
      72
      69
      59
      58
      78
      80
      78
      74
      71
      74
      61
      60
      47
      69
      66
      61
      58
      61
      57
      60
      47
      56
      53
      42
      61
      50
      41
      47
      50
      42
      54
      50
      46
      35
      44
      42
      47
      38
      47
      41
      39
      42
      37
      38
      40
      38
      35
      28
      25
      28
      37
      32
      35
      36
      29
      32
      38
      34
      28
      31
      23
      38
      22
      24
      26
      19
      36
      28
      26
      39
      32
      26
      30
      29
      28
      23
      27
      20
      28
      18
      18
      25
      20
      22
      29
      29
      22
      22
      22
      21
      25
      23
      29
      24
      24
      23
      28
      29
      17
      17
      17
      22
      20
      18
      25
      19
      17
      20
      21
       8
      17
      18
      17
      15
      10
      18
      20
      19
       9
      23
      11
      18
      19
      10
       7
      24
      13
      11
       7
      13
      15
      13
      10
      10
      13
       9
      14
      14
       7
      11
      10
      12
      10
      12
      12
       6
      13
      15
      15
      17
      11
      12
      14
      10
      13
      10
      11
      15
      12
      25
      22
      16
      13
      23
      23
      35
      43
      51
      52
      56
      69
      74
      79
      77
      92
      98
     111
     104
     113
     106
     114
     110
     108
     106
      86
      84
      71
      69
      55
      40
      37
      26
      22
      17
      23
      23
      17
      11
       4
       5
      11
       4
       4
       6
       4
       0
       2
       2
       3
       5
       2
       2
       6
       2
       1
       2
       2
       5
       4
       2
       5
       1
       4
       4
       4
       3
       4
       3
       3
       4
       4
       1
       2
       3
       3
       3
       7
       1
       5
       6
       5
       0
       3
       3
       2
       4
       2
       4
       1
       6
       2
       1
       4
       3
       4
       5
       1
       1
       2
       2
       2
       2
       3
       1
       2
       6
       4
       2
       2
       2
       6
       0
       2
       3
       0
       2
       3
       2
       2
       1
       1
       4
       4
       2
       3
       0
       0
       2
       4
       2
       2
       2
       3
       6
       1
       5
       2
       0
       2
       1
       1
       1
       5
       4
       1
       4
       0
       0
       0
       2
       3
       1
       3
       2
       1
       1
       1
       2
       1
       1
       1
       2
       5
       2
       1
       2
       2
       4
       2
       2
       1
       2
       1
       3
       3
       2
       1
       3
       2
       1
       1
       0
       1
       1
       2
       0
       0
       1
       2
       1
       4
       5
       2
       1
       1
       0
       3
       1
       1
       0
       0
       2
       2
       5
       2
       0
       4
       0
       1
       5
       2
       2
       0
       1
       2
       1
       0
       1
       3
       2
       3
       0
       0
       3
       1
       1
       1
       0
       1
       0
       3
       2
       4
       2
       2
       0
       1
       2
       1
       1
       2
       0
       0
       0
       0
       0
       0
       0
       0
       0
       0
       0
       0
       0
       0
       0
       0
       0
       0
       0
       0
       0
       0
       0
       0
       0
       0
       0
       0
       0
       0
       0
       0
       0
       0
       0
       0
       0
       0
       0
       0
       0
       0
       0
       0
       0
       0
       0
$ROI:
1
214 261
$PRESETS:
Real Time
480
0
$ENER_FIT:
0.000000 3.991138
$MCA_CAL:
3
0.000000E+000 3.991138E+000 0.000000E+000 keV
$SHAPE_CAL:
3
1.151547E+001 0.000000E+000 0.000000E+000
