$SPEC_ID:
No sample description was entered.
$SPEC_REM:
DET# 1
DETDESC# PRAK01 Easy-MCA-2k SN 15071856
AP# Maestro Version 7.01
$DATE_MEA:
01/08/2002 03:22:20
$MEAS_TIM:
60 60
$DATA:
0 511
       0
       0
       0
       0
       0
       0
       0
       0
       0
       0
       0
       0
       0
       0
       0
       0
       0
       0
       0
       0
       0
       0
       0
       0
       0
       0
       0
       0
       0
       0
       0
       3
      52
      76
      78
      83
      86
      85
      93
      81
      92
      82
      81
      71
      87
      94
      97
      81
      83
      95
      92
     101
      91
      92
      94
      78
      92
      79
      98
     101
     117
      92
      84
      85
      96
     102
     111
     110
      92
     116
     117
     132
     119
     110
     112
     134
     120
     135
     110
     118
     134
     109
     126
     118
     122
     105
     108
     142
     115
     136
     109
     120
     124
     101
     119
      98
      97
     105
      96
     111
     123
      91
      95
     101
      90
      84
     118
      94
      79
      96
      89
     101
      80
      84
      84
      86
      86
      78
      96
      89
      81
     101
      92
      99
      78
      83
      93
     100
      98
      80
      86
      92
      86
      81
      94
      85
      83
      71
     103
      92
      71
      97
     102
      97
      87
      90
      74
      99
      86
     111
      86
      89
      91
      89
      86
      93
      81
      95
      95
     102
      78
     100
      85
      92
      94
     100
      88
      73
      87
      81
      97
      73
      71
      64
      76
      69
      58
      59
      57
      55
      52
      54
      37
      39
      55
      49
      47
      40
      37
      40
      30
      25
      32
      36
      39
      39
      29
      35
      33
      30
      45
      26
      40
      36
      36
      31
      36
      48
      36
      25
      32
      39
      34
      41
      46
      46
      37
      31
      47
      37
      44
      53
      52
      42
      48
     100
      74
     110
     115
     145
     187
     224
     240
     288
     307
     390
     430
     491
     579
     588
     616
     650
     657
     692
     674
     671
     706
     585
     576
     506
     484
     420
     352
     312
     271
     215
     160
     135
     107
      81
      45
      36
      35
      21
      19
       9
      10
       5
       4
       4
       1
       1
       0
       0
       0
       0
       1
       2
       3
       0
       0
       0
       1
       1
       0
       0
       0
       0
       2
       2
       1
       0
       0
       0
       0
       1
       2
       2
       1
       1
       1
       0
       1
       0
       1
       2
       0
       5
       0
       0
       1
       2
       0
       1
       0
       0
       1
       0
       1
       1
       1
       0
       0
       0
       0
       0
       0
       0
       1
       0
       0
       0
       2
       1
       2
       0
       1
       1
       0
       2
       0
       1
       0
       0
       1
       0
       0
       1
       0
       0
       2
       1
       1
       1
       1
       1
       1
       0
       1
       0
       1
       0
       0
       2
       0
       1
       1
       1
       0
       0
       0
       0
       0
       0
       0
       0
       1
       0
       2
       1
       0
       0
       0
       1
       0
       0
       0
       0
       0
       0
       1
       0
       0
       1
       1
       1
       2
       1
       1
       1
       0
       0
       0
       0
       0
       2
       3
       0
       0
       0
       0
       0
       2
       0
       0
       1
       0
       1
       0
       0
       1
       0
       1
       0
       0
       1
       2
       0
       0
       0
       1
       1
       1
       0
       1
       0
       0
       0
       1
       0
       1
       1
       0
       0
       0
       0
       0
       0
       0
       0
       0
       0
       1
       0
       0
       0
       1
       1
       1
       0
       0
       0
       0
       0
       0
       0
       0
       0
       0
       0
       0
       0
       0
       0
       0
       0
       0
       0
       0
       0
       0
       0
       0
       0
       0
       0
       0
       0
       0
       0
       0
       0
       0
       0
       0
       0
       0
       0
       0
       0
       0
       0
       0
       0
       0
       0
       0
       0
       0
       0
       0
       0
$ROI:
1
214 261
$PRESETS:
Real Time
480
0
$ENER_FIT:
0.000000 3.991138
$MCA_CAL:
3
0.000000E+000 3.991138E+000 0.000000E+000 keV
$SHAPE_CAL:
3
1.151547E+001 0.000000E+000 0.000000E+000
