$SPEC_ID:
No sample description was entered.
$SPEC_REM:
DET# 1
DETDESC# PRAK01 Easy-MCA-2k SN 15071856
AP# Maestro Version 7.01
$DATE_MEA:
01/08/2002 03:44:05
$MEAS_TIM:
59 60
$DATA:
0 511
       0
       0
       0
       0
       0
       0
       0
       0
       0
       0
       0
       0
       0
       0
       0
       0
       0
       0
       0
       0
       0
       0
       0
       0
       0
       0
       0
       0
       0
       0
       0
       1
      43
      79
      89
      81
     107
      78
      86
      89
      79
      85
      84
      82
      75
      89
      97
      81
      94
      82
      93
      97
      79
      96
     104
     101
     110
      95
      87
      87
     106
      88
      93
      85
      98
      99
     113
     120
     112
     114
     101
     106
     119
     109
     112
     113
     117
     116
     124
     112
     107
     128
     131
     113
     101
      89
     109
     114
     110
     117
     115
     114
     109
     105
     106
      98
      93
     104
      94
      88
      86
     104
      87
     101
      77
      91
      85
      79
      79
      99
      85
      82
      82
      80
      94
      81
      87
      92
     103
      95
      78
      86
      89
     101
      95
      86
      82
      78
      84
      86
      97
      76
      88
      89
     100
     103
      94
      98
      76
     104
     103
      83
      98
      82
      98
      75
      78
      83
      86
      85
      98
      71
     102
      83
      91
      78
     123
     115
      90
      83
     104
      72
      90
      97
     106
      82
      62
      95
      96
      87
      78
      80
      82
      80
      63
      60
      62
      58
      63
      53
      45
      49
      34
      38
      51
      36
      34
      44
      49
      36
      37
      33
      46
      34
      37
      30
      23
      38
      34
      28
      32
      38
      40
      40
      26
      37
      33
      30
      40
      43
      31
      30
      33
      29
      32
      39
      33
      32
      38
      23
      31
      42
      59
      55
      69
      75
      88
      89
     133
     120
     160
     201
     250
     285
     303
     415
     426
     479
     509
     564
     602
     638
     655
     657
     639
     671
     630
     651
     560
     557
     505
     412
     378
     313
     266
     196
     178
     152
      92
      97
      71
      48
      37
      29
      14
       9
       9
       3
       4
       2
       1
       1
       6
       1
       0
       1
       1
       0
       1
       1
       1
       1
       0
       0
       1
       0
       0
       0
       1
       0
       1
       0
       0
       0
       1
       1
       1
       1
       1
       0
       0
       0
       1
       1
       0
       0
       0
       0
       1
       0
       0
       1
       1
       0
       0
       0
       1
       2
       0
       0
       1
       2
       0
       1
       1
       1
       1
       0
       1
       0
       0
       3
       1
       1
       0
       2
       0
       2
       0
       1
       1
       1
       0
       0
       0
       1
       0
       0
       0
       2
       0
       0
       0
       0
       1
       0
       0
       1
       1
       0
       0
       1
       1
       1
       0
       1
       0
       0
       0
       1
       2
       1
       0
       0
       1
       0
       0
       0
       0
       2
       0
       2
       0
       1
       0
       0
       0
       0
       0
       0
       2
       0
       2
       0
       1
       0
       0
       0
       0
       0
       1
       0
       0
       0
       0
       1
       0
       0
       2
       1
       1
       0
       1
       0
       0
       2
       0
       1
       1
       1
       1
       0
       0
       0
       0
       1
       2
       0
       0
       1
       0
       0
       0
       0
       0
       0
       0
       0
       0
       0
       0
       0
       0
       0
       0
       0
       1
       0
       0
       0
       0
       0
       0
       0
       0
       1
       1
       1
       1
       0
       0
       0
       0
       0
       0
       0
       0
       0
       0
       0
       0
       0
       0
       0
       0
       0
       0
       0
       0
       0
       0
       0
       0
       0
       0
       0
       0
       0
       0
       0
       0
       0
       0
       0
       0
       0
       0
       0
       0
       0
       0
       0
       0
       0
       0
       0
       0
       0
       0
       0
       0
       0
$ROI:
1
214 261
$PRESETS:
Real Time
480
0
$ENER_FIT:
0.000000 3.991138
$MCA_CAL:
3
0.000000E+000 3.991138E+000 0.000000E+000 keV
$SHAPE_CAL:
3
1.151547E+001 0.000000E+000 0.000000E+000
