$SPEC_ID:
No sample description was entered.
$SPEC_REM:
DET# 1
DETDESC# PRAK01 Easy-MCA-2k SN 15071856
AP# Maestro Version 7.01
$DATE_MEA:
01/08/2002 03:23:58
$MEAS_TIM:
60 60
$DATA:
0 511
       0
       0
       0
       0
       0
       0
       0
       0
       0
       0
       0
       0
       0
       0
       0
       0
       0
       0
       0
       0
       0
       0
       0
       0
       0
       0
       0
       0
       0
       0
       0
       1
      55
     100
      85
      81
      85
      84
      78
      70
      82
      86
      98
      78
      87
      86
      84
      87
      73
     102
      90
      89
      97
     100
     103
      96
     103
     101
     103
      90
      76
     110
     114
     105
     119
     113
     106
      96
     108
      89
     124
      86
     133
     124
     116
     117
     100
     130
     113
     115
     112
     123
     123
     118
     111
     119
     105
     103
      90
     107
     117
      93
      74
     102
      99
     106
     107
      93
     105
     101
      81
     100
     101
      98
     103
     111
      96
      88
      96
      79
      86
      91
     101
      78
      99
     117
      80
     112
     100
      95
      92
      78
      91
      83
      92
      92
      90
      93
      84
      99
      76
      81
     104
      89
      83
      82
      85
     103
     113
      96
      95
      80
      98
      89
      87
      72
      76
      93
     100
     104
      84
      70
      87
      82
     111
      94
      93
      91
      85
      82
     100
      75
     105
      93
      96
      81
      88
      83
      79
      84
      96
      95
      98
      60
      73
      62
      69
      58
      59
      53
      58
      46
      49
      44
      58
      39
      38
      41
      43
      36
      25
      31
      30
      40
      35
      35
      36
      32
      34
      36
      31
      30
      34
      30
      30
      43
      28
      29
      30
      34
      30
      37
      30
      37
      33
      31
      47
      40
      43
      57
      44
      50
      48
      57
      54
      63
      89
      85
     129
     148
     178
     210
     241
     297
     335
     380
     440
     473
     548
     603
     633
     619
     704
     691
     660
     611
     628
     577
     594
     461
     482
     409
     334
     320
     235
     206
     167
     118
     111
      64
      51
      39
      37
      21
      17
       6
       9
       4
       4
       3
       2
       2
       2
       0
       0
       1
       1
       0
       1
       0
       2
       2
       1
       0
       0
       1
       0
       1
       0
       1
       0
       0
       0
       2
       1
       1
       0
       1
       1
       0
       0
       0
       1
       0
       0
       0
       3
       0
       0
       0
       1
       0
       0
       0
       1
       2
       0
       0
       0
       0
       0
       0
       2
       1
       0
       0
       0
       2
       1
       0
       1
       0
       0
       0
       1
       2
       1
       1
       0
       1
       0
       0
       0
       0
       0
       1
       1
       0
       1
       0
       0
       1
       0
       2
       1
       1
       1
       0
       0
       0
       0
       0
       0
       2
       0
       1
       0
       0
       0
       0
       0
       1
       0
       2
       0
       0
       1
       1
       1
       0
       0
       0
       1
       2
       0
       0
       1
       0
       0
       0
       1
       2
       0
       1
       0
       0
       1
       0
       0
       1
       2
       0
       0
       0
       1
       1
       0
       0
       0
       1
       0
       0
       0
       1
       2
       1
       0
       0
       0
       1
       0
       0
       1
       0
       0
       0
       1
       2
       0
       0
       0
       0
       0
       0
       0
       0
       1
       0
       0
       0
       0
       1
       2
       0
       0
       0
       0
       0
       1
       0
       0
       0
       0
       0
       0
       1
       1
       0
       1
       0
       0
       0
       0
       0
       0
       0
       0
       0
       0
       0
       0
       0
       0
       0
       0
       0
       0
       0
       0
       0
       0
       0
       0
       0
       0
       0
       0
       0
       0
       0
       0
       0
       0
       0
       0
       0
       0
       0
       0
       0
       0
       0
       0
       0
       0
       0
       0
       0
       0
       0
       0
       0
$ROI:
1
214 261
$PRESETS:
Real Time
480
0
$ENER_FIT:
0.000000 3.991138
$MCA_CAL:
3
0.000000E+000 3.991138E+000 0.000000E+000 keV
$SHAPE_CAL:
3
1.151547E+001 0.000000E+000 0.000000E+000
