$SPEC_ID:
No sample description was entered.
$SPEC_REM:
DET# 1
DETDESC# PRAK01 Easy-MCA-2k SN 15071856
AP# Maestro Version 7.01
$DATE_MEA:
01/08/2002 02:55:19
$MEAS_TIM:
300 300
$DATA:
0 511
       0
       0
       0
       0
       0
       0
       0
       0
       0
       0
       0
       0
       0
       0
       0
       0
       0
       0
       0
       0
       0
       0
       0
       0
       0
       0
       0
       0
       0
       0
       0
       7
      25
      35
      54
      59
      65
      64
      50
      57
      45
      49
      48
      57
      67
      57
      57
      49
      50
      64
      74
      57
      65
      62
      60
      59
      70
      70
      63
      59
      59
      72
      57
      72
      74
      60
      58
      75
      63
      75
      68
      67
      68
      67
      55
      67
      68
      69
      49
      56
      54
      61
      56
      43
      55
      51
      43
      59
      53
      41
      51
      56
      51
      62
      42
      43
      44
      51
      33
      41
      43
      45
      36
      39
      42
      35
      36
      38
      46
      39
      43
      26
      28
      33
      39
      31
      42
      39
      31
      31
      29
      26
      35
      34
      26
      32
      27
      27
      23
      20
      26
      25
      25
      23
      29
      28
      26
      19
      18
      33
      25
      27
      25
      26
      32
      18
      35
      17
      22
      18
      28
      20
      29
      26
      25
      24
      27
      16
      22
      25
      19
      18
      21
      17
      30
      26
      22
      21
      26
      13
      20
      22
      13
      17
      14
       9
      19
      19
      15
      11
      13
       8
      13
      12
      18
      10
      13
      12
      17
      10
       9
       7
      12
       8
      19
      11
      13
      12
       7
       8
      12
       9
       9
       9
      10
       7
       9
       9
      11
      14
      14
      10
       8
       8
      15
      11
      11
      13
       9
      15
      13
      11
      12
      14
      21
      14
      23
      20
      30
      40
      22
      35
      40
      51
      59
      63
      54
      72
      87
      96
      94
      69
      92
     105
     100
     106
      89
      81
      75
      69
      55
      49
      43
      37
      31
      33
      23
      24
       4
      14
       6
       5
       5
      10
      10
       4
       5
       3
       4
       6
       3
       3
       8
       4
       3
       4
       2
      10
       6
       7
       1
       7
       3
       4
       3
       4
       4
       3
       2
       0
       8
       7
       4
       2
       4
       3
       6
       3
       1
       0
       4
       4
       0
       3
       4
       1
       3
       3
       2
       4
       2
       3
       5
       3
       4
       3
       5
       5
       5
       0
       3
       1
       2
       7
       3
       2
       3
       1
       3
       4
       2
       5
       4
       1
       5
       0
       4
       4
       4
       4
       4
       4
       3
       3
       4
       3
       4
       0
       2
       2
       2
       3
       3
       0
       0
       4
       1
       3
       2
       5
       2
       6
       2
       3
       7
       2
       2
       0
       3
       2
       1
       1
       3
       4
       1
       0
       3
       0
       6
       1
       2
       1
       3
       3
       1
       1
       1
       2
       2
       3
       2
       1
       3
       2
       4
       2
       3
       2
       0
       3
       1
       1
       1
       1
       4
       1
       2
       0
       1
       0
       0
       1
       2
       0
       0
       1
       4
       2
       1
       2
       2
       2
       2
       2
       2
       2
       0
       1
       0
       0
       1
       0
       0
       2
       2
       2
       2
       2
       0
       2
       1
       2
       2
       2
       4
       0
       1
       0
       1
       0
       2
       1
       1
       0
       1
       1
       1
       2
       0
       2
       1
       0
       1
       0
       1
       0
       0
       0
       0
       0
       0
       0
       0
       0
       0
       0
       0
       0
       0
       0
       0
       0
       0
       0
       0
       0
       0
       0
       0
       0
       0
       0
       0
       0
       0
       0
       0
       0
       0
       0
       0
       0
       0
       0
       0
       0
       0
       0
       0
       0
       0
       0
$ROI:
1
214 261
$PRESETS:
Real Time
480
0
$ENER_FIT:
0.000000 3.991138
$MCA_CAL:
3
0.000000E+000 3.991138E+000 0.000000E+000 keV
$SHAPE_CAL:
3
1.151547E+001 0.000000E+000 0.000000E+000
