$SPEC_ID:
No sample description was entered.
$SPEC_REM:
DET# 1
DETDESC# PRAK01 Easy-MCA-2k SN 15071856
AP# Maestro Version 7.01
$DATE_MEA:
01/08/2002 03:34:31
$MEAS_TIM:
60 60
$DATA:
0 511
       0
       0
       0
       0
       0
       0
       0
       0
       0
       0
       0
       0
       0
       0
       0
       0
       0
       0
       0
       0
       0
       0
       0
       0
       0
       0
       0
       0
       0
       0
       0
       0
      43
      43
      64
      56
      39
      49
      47
      50
      59
      54
      49
      52
      48
      60
      61
      53
      43
      55
      54
      58
      55
      63
      47
      62
      56
      71
      63
      64
      63
      72
      66
      73
      66
      51
      65
      48
      68
      72
      62
      77
      74
      70
      77
      76
      83
      64
      73
      69
      85
      79
      70
      74
      67
      67
      66
      69
      62
      66
      64
      64
      67
      77
      69
      69
      54
      63
      67
      47
      67
      61
      54
      70
      71
      66
      61
      78
      70
      59
      54
      47
      54
      48
      61
      62
      41
      50
      53
      62
      73
      47
      59
      60
      61
      56
      68
      61
      57
      46
      69
      56
      57
      47
      74
      73
      56
      72
      60
      45
      67
      63
      52
      65
      61
      59
      65
      71
      62
      68
      56
      54
      66
      67
      56
      58
      58
      60
      62
      61
      50
      60
      54
      49
      66
      58
      55
      59
      58
      53
      44
      49
      45
      39
      42
      43
      38
      35
      24
      29
      28
      29
      28
      30
      29
      32
      18
      32
      34
      19
      22
      18
      21
      21
      31
      23
      22
      13
      14
      26
      25
      13
      19
      23
      26
      16
      27
      26
      22
      20
      23
      23
      20
      29
      29
      24
      16
      21
      22
      30
      34
      25
      33
      37
      34
      44
      56
      62
      74
     113
     122
     127
     157
     198
     205
     234
     295
     318
     317
     352
     372
     419
     368
     425
     400
     411
     414
     372
     328
     307
     272
     234
     214
     171
     150
     122
      92
      74
      52
      48
      35
      15
      15
      12
       6
       7
       3
       4
       1
       1
       0
       0
       1
       0
       0
       1
       0
       1
       0
       1
       2
       0
       0
       0
       1
       0
       1
       1
       0
       0
       2
       1
       2
       0
       0
       1
       0
       0
       0
       0
       0
       0
       1
       0
       4
       0
       0
       0
       0
       1
       0
       0
       0
       0
       0
       0
       2
       1
       1
       0
       0
       0
       0
       0
       0
       1
       0
       1
       0
       1
       0
       1
       1
       0
       0
       0
       0
       1
       0
       0
       2
       0
       1
       1
       1
       0
       0
       0
       1
       1
       0
       0
       1
       0
       0
       0
       0
       0
       0
       1
       0
       0
       1
       1
       1
       0
       0
       1
       1
       0
       0
       1
       0
       0
       0
       0
       0
       2
       0
       0
       0
       0
       0
       0
       1
       0
       0
       0
       0
       0
       1
       1
       0
       0
       0
       1
       1
       0
       0
       0
       0
       0
       0
       0
       0
       0
       0
       0
       0
       0
       1
       0
       0
       2
       1
       0
       0
       0
       1
       1
       0
       0
       1
       0
       1
       0
       0
       1
       0
       0
       0
       1
       0
       0
       1
       1
       1
       1
       2
       0
       0
       0
       2
       0
       0
       0
       2
       0
       0
       0
       0
       0
       1
       0
       0
       0
       0
       0
       0
       0
       1
       0
       0
       1
       0
       0
       0
       0
       0
       0
       0
       0
       0
       0
       0
       0
       0
       0
       0
       0
       0
       0
       0
       0
       0
       0
       0
       0
       0
       0
       0
       0
       0
       0
       0
       0
       0
       0
       0
       0
       0
       0
       0
       0
       0
       0
       0
       0
       0
       0
       0
       0
$ROI:
1
214 261
$PRESETS:
Real Time
480
0
$ENER_FIT:
0.000000 3.991138
$MCA_CAL:
3
0.000000E+000 3.991138E+000 0.000000E+000 keV
$SHAPE_CAL:
3
1.151547E+001 0.000000E+000 0.000000E+000
