$SPEC_ID:
No sample description was entered.
$SPEC_REM:
DET# 1
DETDESC# PRAK01 Easy-MCA-2k SN 15071856
AP# Maestro Version 7.01
$DATE_MEA:
01/08/2002 03:01:56
$MEAS_TIM:
300 300
$DATA:
0 511
       0
       0
       0
       0
       0
       0
       0
       0
       0
       0
       0
       0
       0
       0
       0
       0
       0
       0
       0
       0
       0
       0
       0
       0
       0
       0
       0
       0
       0
       0
       0
       4
      26
      41
      55
      52
      57
      48
      60
      64
      58
      54
      40
      52
      38
      66
      61
      57
      56
      59
      67
      55
      58
      59
      58
      43
      55
      61
      60
      51
      56
      62
      61
      53
      53
      49
      70
      57
      55
      54
      61
      62
      52
      54
      61
      51
      58
      62
      50
      57
      54
      49
      54
      44
      46
      44
      44
      46
      43
      31
      45
      38
      40
      49
      43
      47
      35
      46
      35
      32
      39
      40
      38
      32
      37
      33
      40
      23
      22
      33
      26
      37
      25
      37
      27
      30
      29
      28
      34
      30
      20
      28
      20
      29
      30
      14
      28
      21
      23
      25
      37
      28
      29
      23
      23
      19
      15
      24
      17
      18
      16
      25
      23
      21
      17
      19
      15
      15
      10
      19
      19
      25
      21
      17
      20
      18
      19
      19
      13
      24
      19
      14
      20
      20
      17
      22
       8
      13
      14
      13
      15
      15
      19
       9
      11
      17
      15
      10
      12
      12
      16
      10
      11
      13
      12
      12
      15
       8
      14
      10
       7
      15
      10
      17
      10
      16
      15
      15
       6
       5
       8
       6
       8
       5
       7
      17
       9
       7
       7
       6
      13
      11
      10
      17
       6
       7
      12
      10
       5
      17
      11
      13
      18
      12
      11
       7
      13
      18
      23
      19
      23
      24
      25
      28
      24
      41
      39
      47
      47
      59
      56
      69
      42
      52
      51
      56
      35
      53
      40
      36
      38
      40
      29
      21
      14
      17
      14
      15
       8
       8
       3
       3
       7
       7
       3
       3
       8
       3
       1
       6
       3
       3
       3
       4
       5
       5
       6
       3
       6
       2
       3
       6
       0
       1
       1
       3
       7
       3
       1
       2
       2
       3
       2
       2
       2
       1
       1
       2
       2
       3
       1
       3
       2
       4
       5
       6
       8
       2
       3
       2
       4
       3
       7
       2
       1
       2
       1
       3
       2
       6
       4
       6
       1
       2
       4
       6
       3
       4
       2
       4
       2
       5
       1
       1
       4
       3
       3
       3
       5
       3
       2
       3
       2
       3
       2
       2
       3
       2
       2
       2
       2
       5
       1
       3
       3
       1
       1
       5
       1
       1
       4
       2
       3
       3
       2
       3
       1
       3
       3
       4
       2
       3
       3
       0
       4
       1
       2
       5
       3
       0
       3
       2
       3
       2
       1
       2
       2
       1
       7
       3
       3
       5
       2
       1
       1
       1
       3
       0
       3
       1
       4
       1
       2
       2
       0
       0
       2
       2
       1
       2
       3
       5
       2
       2
       2
       2
       3
       0
       1
       1
       3
       2
       3
       1
       2
       0
       2
       1
       2
       3
       2
       2
       2
       1
       3
       1
       3
       1
       1
       1
       1
       0
       1
       1
       1
       2
       1
       1
       1
       0
       0
       0
       3
       0
       0
       0
       1
       1
       0
       1
       0
       0
       2
       1
       0
       0
       0
       0
       0
       0
       0
       0
       0
       0
       0
       0
       0
       0
       0
       0
       0
       0
       0
       0
       0
       0
       0
       0
       0
       0
       0
       0
       0
       0
       0
       0
       0
       0
       0
       0
       0
       0
       0
       0
       0
       0
       0
       0
       0
       0
       0
       0
$ROI:
1
214 261
$PRESETS:
Real Time
480
0
$ENER_FIT:
0.000000 3.991138
$MCA_CAL:
3
0.000000E+000 3.991138E+000 0.000000E+000 keV
$SHAPE_CAL:
3
1.151547E+001 0.000000E+000 0.000000E+000
